2.778
2.625
3.000
3.333
4.250
2.444
3.600
2.750
4.667
3.000
5.333
3.600
3.250
3.143
3.600
2.625
2.857
4.200
4.000
3.200
2.833
3.000
2.182
4.333
2.833
3.800
3.500
4.000
3.800
6.500
3.400
2.857
3.400
2.833
3.000
3.750
5.000
4.000
8.000
2.625
3.333
2.833
3.667
5.000
4.000
4.250
3.500
3.500
3.750
5.667
2.182
2.091
2.857
2.429
2.714
2.200
4.250
3.000
2.286
2.111
2.714
4.667
4.250
2.625
3.167
3.400
2.222
4.667
3.800
4.000
4.333
3.000
2.833
4.000
6.500
3.000
2.714
4.250
4.333
3.500
3.200
7.500
3.800
4.250
3.800
5.000
3.750
4.333
4.500
3.000
3.167
6.000
4.667
1.900
5.000
4.200
2.833
3.800
3.750
2.625
2.444
2.714
3.400
3.400
4.667
3.600
3.500
2.182
3.333
4.000
4.250
3.000
4.500
4.000
3.400
3.750
4.500
2.250
3.600
2.500
5.000
2.444
3.800
2.833
4.500
4.200
2.100
3.000
3.167
3.333
5.000
4.000
3.800
2.714
4.000
4.750
2.857
3.400
4.250
3.000
3.750
5.667
4.667
2.833
3.000
2.091
5.333
5.000
2.667
3.000
3.500
3.143
4.500
3.400
3.600
3.400
4.667
4.000
4.000
4.000
2.273
2.083
4.000
3.333
4.250
3.167
2.429
2.857
2.222
4.667
4.000
3.143
2.500
2.444
4.750
5.000
4.000
3.167
3.286
3.600
3.750
3.333
2.571
3.500
2.273
2.875
2.857
6.500
4.250
3.500
2.571
3.833
2.200
3.600
2.625
4.250
2.333
4.200
4.250
4.000
2.571
5.000
4.667
4.250
2.429
4.667
5.333
3.286
4.667
3.500
3.750
3.000
3.333
5.000
4.667
3.143
4.667
5.000
3.333
2.250
3.400
3.400
4.000
3.333
2.667
3.000
4.750
3.167
3.500
4.750
4.750
5.333
2.857
4.250
3.167
3.500
2.625
2.625
5.000
3.750
2.833
5.667
3.667
4.250
3.400
3.500
2.750
4.250
4.250
4.750
3.600
3.200
6.000
3.000
3.333
3.600
3.600
2.000
3.667
7.000
4.500
3.000
4.000
5.333
1.846
3.800
4.667
3.000
3.500
2.833
3.000
4.250
4.200
4.500
2.625
3.200
3.400
2.429
3.333
6.000
3.400
5.000
2.571
5.333
4.250
4.333
6.500
2.222
4.000
3.200
3.125
4.500
2.000
2.857
4.400
6.500
3.000
3.167
2.714
3.200
3.667
6.000
2.667
4.250
5.333
3.400
2.625
4.750
3.400
2.571
3.600
5.000
5.000
3.167
2.857
3.167
4.750
2.429
4.500
4.000
2.714
4.250
4.250
3.200
3.167
4.000
4.200
5.333
5.500
2.625
3.800
3.750
2.875
2.625
5.000
4.000
4.750
2.250
5.667
4.000
2.500
2.857
3.333
4.500
4.600
4.000
3.286
3.400
5.333
4.333
3.500
1.909
2.833
2.083
2.833
4.250
4.000
5.250
3.667
4.000
4.250
2.556
3.600
4.333
3.400
4.250
4.667
4.333
4.667
2.857
3.500
4.333
2.250
2.571
3.600
3.167
2.250
4.333
5.500
4.250
2.375
4.250
4.750
4.250
2.091
6.333
5.000
3.400
3.600
4.667
2.857
4.000
5.000
5.667
4.667
4.000
2.300
2.667
3.500
3.667
3.800
2.500
3.000
3.750
2.500
5.000
7.000
3.167
2.714
2.833
4.250
3.000
3.000
2.556
2.875
3.400
2.667
3.000
2.500
4.000
3.000
2.300
4.250
3.500
2.833
2.714
2.556
7.000
4.500
3.429
4.000
2.444
5.250
3.000
6.500
4.667
2.625
3.000
3.000
4.750
3.167
5.333
4.000
2.375
2.400
4.667
2.500
4.667
3.400
3.400
4.667
6.000
4.500
3.000
4.000
3.600
4.000
2.182
5.333
4.000
2.571
5.000
3.667
3.200
3.400
3.750
5.000
3.600
4.000
3.000
4.667
3.600
5.000
2.833
3.200
5.333
6.000
3.000
4.500
3.333
4.000
2.667
6.333
2.857
3.400
3.750
3.167
3.400
5.667
3.000
5.000
4.750
4.500
4.667
6.000
4.250
5.000
3.500
4.000
3.143
3.143
4.000
5.000
4.000
3.000
3.200
3.800
2.875
3.500
5.000
4.200
3.600
3.000
2.571
2.000
4.200
3.200
3.167
3.167
4.250
4.667
2.000
3.250
2.200
2.500
3.333
3.333
3.600
4.667
3.333
2.000
2.091
2.333
4.333
6.000
3.125
2.571
2.875
2.833
4.750
5.333
3.800
2.444
3.500
4.000
3.800
2.833
2.333
3.333
4.333
4.750
2.100
2.375
2.857
3.000
6.000
2.571
3.167
3.400
3.333
3.500
4.333
4.250
3.000
3.400
4.000
5.333
2.571
4.000
3.800
3.000
5.000
3.400
2.222
3.000
3.750
2.429
3.250
4.400
3.400
6.500
3.400
3.167
4.000
5.000
4.000
5.333
3.000
2.833
2.500
7.000
2.625
4.250
2.222
2.625
4.200
2.750
3.800
4.000
3.750
4.250
2.000
3.667
2.714
3.750
2.875
4.750
3.143
4.250
2.625
3.800
2.667
3.750
3.000
5.333
2.778
3.000
3.500
3.800
6.500
4.000
3.200
3.000
4.167
2.600
4.000
3.571
5.000
4.000
2.556
2.200
5.000
3.400
4.000
2.250
3.800
2.625
3.800
4.000
2.625
5.333
6.500
3.200
2.667
4.000
4.750
4.250
3.167
5.000
3.000
5.000
4.333
5.000
3.800
2.111
4.250
2.556
3.200
4.000
2.111
3.600
2.571
3.833
4.250
3.750
4.500
4.667
4.667
2.714
2.857
3.800
2.286
2.714
3.400
3.600
3.167
3.600
2.091
2.500
4.000
3.600
4.750
4.333
3.200
5.667
2.571
4.000
2.500
2.667
2.625
4.667
4.250
5.333
6.500
3.600
4.000
3.167
4.667
3.000
5.500
2.714
4.000
2.500
2.250
4.000
4.000
2.500
3.800
3.750
4.250
4.500
3.000
4.750
3.667
2.625
5.333
5.333
3.571
2.429
3.667
4.667
4.250
6.000
4.333
2.500
3.000
4.667
4.000
2.200
2.625
2.625
4.667
2.571
5.000
2.833
3.750
3.800
3.800
3.400
2.714
2.833
2.667
2.714
3.000
2.857
2.500
3.000
2.714
4.250
2.556
3.600
5.000
4.000
5.333
3.800
3.800
5.333
2.500
4.000
6.333
3.500
4.250
2.667
3.167
3.286
2.200
2.571
4.500
2.182
4.500
3.200
2.429
4.667
2.444
4.500
6.500
4.333
3.600
3.200
4.000
4.250
4.000
3.800
2.222
4.250
3.400
2.375
3.143
3.600
4.333
3.400
6.500
4.500
4.250
3.400
4.250
3.800
3.000
5.333
5.667
4.250
3.400
3.250
3.750
2.400
3.000
4.333
3.200
3.200
6.000
2.800
3.800
3.750
6.000
3.750
7.000
6.000
5.500
3.750
4.750
3.400
2.833
3.167
3.333
2.111
6.000
2.500
2.429
5.667
3.600
3.167
2.571
4.250
4.667
3.000
5.000
2.714
3.750
4.500
2.250
2.857
2.857
5.000
3.800
3.000
3.167
4.000
4.500
4.667
4.667
3.400
3.400
3.400
4.200
3.600
4.667
4.750
6.500
3.400
2.833
2.250
3.333
2.182
3.750
4.250
3.125
2.250
4.667
2.333
5.000
4.000
3.600
3.167
2.556
4.000
4.750
5.333
3.400
2.833
2.250
3.600
3.000
2.889
3.000
2.222
7.500
3.800
4.667
4.400
2.500
8.000
3.400
2.500
3.800
3.167
3.600
4.500
3.500
5.000
2.571
4.000
4.500
2.857
3.200
2.375
2.444
2.625
5.333
2.222
3.000
4.000
2.875
3.000
2.750
3.600
6.000
3.500
3.800
4.000
2.333
3.167
3.000
3.400
4.500
3.750
2.571
4.250
3.333
3.400
7.000
3.500
2.833
4.600
2.857
2.200
3.400
2.571
4.500
4.667
2.571
3.000
5.333
3.400
3.200
3.750
5.333
2.273
3.333
2.125
5.000
2.167
4.000
5.333
3.500
3.600
2.250
2.100
2.100
4.250
3.167
3.500
2.500
2.571
2.833
2.857
3.286
3.750
5.000
2.091
4.250
4.000
3.750
2.333
2.667
2.833
4.667
2.333
2.857
3.400
2.444
2.444
2.182
5.000
3.750
5.500
4.667
5.000
2.250
3.600
4.000
2.833
3.750
3.000
4.000
3.600
3.000
3.750
3.000
3.000
4.667
