903
454
576
753
466
771
615
765
809
498
936
882
515
450
940
395
961
242
322
1069
877
493
357
525
552
1375
719
932
510
1123
791
468
678
359
740
1199
404
349
801
567
459
900
661
1019
360
954
737
296
516
646
991
574
400
551
697
1019
676
584
489
474
888
340
748
679
583
1098
180
1233
993
660
570
760
972
270
498
516
414
452
814
1378
1503
2091
473
1690
696
282
355
1174
725
546
658
279
1467
606
457
351
344
1299
284
809
553
942
1263
586
558
501
290
751
706
734
507
1363
932
443
638
788
1326
1157
1043
412
237
589
695
484
824
750
627
584
1014
1321
853
460
435
599
585
376
351
1142
458
942
374
541
894
380
611
646
1260
1543
793
620
1162
1585
367
882
1173
379
1302
324
620
324
501
457
600
1174
506
627
1284
1388
1153
386
821
704
556
727
390
1528
970
420
1102
1132
596
225
1199
576
1047
791
549
602
609
730
591
470
697
1119
336
778
417
513
503
897
669
1042
349
435
1342
612
515
644
526
548
1188
1410
539
933
665
499
412
397
356
800
340
726
829
818
521
496
2758
322
267
705
549
700
413
812
488
777
1977
760
813
922
644
1299
625
650
567
384
520
1412
299
444
495
1296
469
230
485
340
723
502
343
943
518
696
649
938
732
1796
419
515
1153
1611
415
1293
266
1123
594
335
1611
1840
633
714
275
1399
658
567
533
700
1003
297
1738
860
1517
489
1100
518
632
651
216
836
437
401
898
619
1009
660
329
1193
519
608
332
798
419
478
420
635
1507
895
1367
544
727
889
618
1214
1048
503
865
392
637
1257
563
728
625
1790
609
540
511
785
439
481
731
518
523
689
423
1321
644
493
696
765
1840
593
443
626
404
799
624
283
1214
871
342
278
480
631
443
271
432
936
358
737
1342
669
401
685
388
366
362
475
1325
321
493
922
328
365
360
536
1255
1126
520
628
770
521
851
390
295
806
616
1421
345
312
534
640
527
803
961
590
1055
647
2559
366
1553
896
455
621
958
756
795
395
608
1139
881
1189
294
594
1209
672
399
477
1043
558
272
488
564
431
335
539
402
738
1154
521
364
799
959
317
822
313
966
459
506
401
398
1743
295
423
1203
768
891
581
543
673
524
618
402
994
1531
1245
371
660
1356
2158
453
1599
694
485
411
478
755
639
594
529
1326
462
1019
458
854
811
504
476
1168
947
336
249
1945
894
882
837
508
1078
1011
610
783
503
1086
628
383
895
823
1215
257
570
964
1314
957
335
654
1213
1501
1063
683
813
882
359
449
423
963
332
730
409
616
575
420
1063
347
454
638
503
653
697
442
287
441
1578
1020
566
576
779
1120
837
905
285
1377
310
1070
720
987
542
728
518
672
505
997
939
794
1260
438
754
557
832
1215
1329
294
351
907
348
543
908
1065
397
453
494
831
691
237
331
611
440
877
669
243
296
617
656
490
343
1802
217
868
1008
761
343
417
315
2299
1219
521
679
504
788
354
628
919
1126
966
1049
1309
957
511
426
1170
689
672
780
826
2168
504
992
602
597
280
469
1117
813
478
499
618
705
565
462
1506
682
2405
630
927
1221
323
815
587
784
491
1981
468
788
559
668
435
932
722
358
988
444
582
1137
2623
951
1337
670
421
688
864
356
790
1712
678
372
275
450
2060
813
411
305
482
741
517
1542
520
959
796
655
275
570
588
839
1324
624
1047
474
331
646
575
560
896
1717
319
754
1153
840
1027
1203
402
264
366
1156
902
1236
488
855
562
685
1663
1031
808
605
1116
689
307
535
386
785
1544
1232
709
995
696
907
1972
496
386
375
502
844
273
261
682
1132
593
793
600
592
868
1055
374
1195
696
590
760
596
673
762
1564
381
1090
424
1114
496
1462
836
968
1103
1180
857
442
781
310
434
719
705
1641
519
435
1339
1558
892
676
738
806
1011
850
639
695
415
747
587
334
1556
352
546
724
289
465
1046
1069
1568
859
657
348
841
355
1251
1082
676
914
207
1151
1527
319
753
571
1424
611
412
693
1079
999
725
1122
602
1254
972
944
1156
517
1109
458
353
338
223
456
1059
919
943
840
639
409
475
1456
1545
373
290
358
806
608
1750
809
966
1503
427
1407
382
673
321
987
613
609
305
800
321
716
1750
1022
1361
296
899
567
694
799
600
756
616
1334
307
360
381
342
385
771
518
1888
1267
1642
715
509
1034
528
231
1269
626
482
931
1084
1336
929
399
438
340
343
248
741
2877
1467
319
340
629
850
367
697
520
298
467
1056
1146
587
1061
651
1270
1511
931
1471
966
622
683
507
1112
862
516
574
692
311
895
354
1218
433
425
359
556
307
279
1000
1280
753
321
1479
422
519
473
977
546
1361
514
743
501
768
1450
477
586
558
314
1866
1010
488
1323
969
1038
945
622
866
530
663
1474
405
883
768
617
1368
531
540
614
680
593
354
746
905
352
1214
383
340
895
741
520
631
398
828
205
