2542
1456
1931
1866
477
1975
879
2356
506
744
862
2200
825
928
5019
1253
1069
731
1909
2367
1567
1514
660
1751
772
990
2535
1554
2274
1503
836
1851
1338
576
2911
680
1789
597
688
1084
1456
1233
1197
1644
2432
951
878
1330
885
1439
968
1901
1867
731
1416
487
957
1659
954
2195
1634
3976
959
713
1173
1677
2505
2338
1519
1205
1550
1946
1206
982
1067
579
2721
595
1765
2303
1076
485
1362
1923
605
1592
670
3721
3909
1825
928
423
1375
596
1023
963
837
1583
2902
2978
1169
1514
1073
2535
3913
632
1340
1160
2066
523
1135
758
1655
2703
1870
1063
2738
2343
944
1650
2044
1213
3712
1193
2325
1838
2696
1128
1081
1116
2430
1518
718
1467
1493
1171
2024
2519
2133
1539
676
621
733
1639
2143
1247
1123
1057
2961
614
2946
603
1365
953
2994
1884
2235
853
405
960
2073
1123
3645
637
1244
1924
981
1392
1046
1258
1041
1777
911
1426
2345
1938
1564
1376
648
883
1541
777
2374
1614
1850
1177
904
2444
1884
1933
623
1169
1251
1430
1104
1081
2358
1266
1945
1031
4731
1233
1131
661
1491
1410
4205
2216
1119
1000
673
1466
4557
689
4282
5716
1827
1979
3434
1210
1085
2824
1516
602
2139
1776
1376
834
1201
1227
3165
1745
1346
3253
1433
780
1355
1948
1241
626
834
1807
1551
621
1339
2452
2957
844
2100
1551
1021
2212
632
2786
979
1159
2078
1444
511
2301
1139
2563
1496
1062
1418
1407
583
1436
1988
2999
686
834
1746
917
1646
900
1242
1571
1456
2155
1736
1621
1567
730
2031
1142
942
2647
2625
1062
1715
1436
1300
2810
1327
2434
1634
2404
3012
1773
2355
729
1968
3259
1641
726
1525
1345
819
2411
674
2599
1862
1279
882
3094
2343
1395
1333
3373
1237
2409
1155
470
758
1839
4956
1924
676
614
565
2002
574
2766
1737
1342
679
3922
649
1353
2485
2060
2648
1295
2087
1690
1222
2541
2246
2080
1968
732
894
965
1536
1996
588
1884
1384
1022
1591
1288
1640
1764
1282
1496
727
3202
2237
1450
1320
1056
475
1073
829
2087
2210
557
2500
1010
1522
1566
685
1791
3007
992
3060
1322
1226
1567
1519
1108
3929
1968
1830
1555
664
885
827
1227
832
1389
1069
1504
3139
1903
2716
2195
1969
2032
863
1318
1352
1309
1182
3299
1972
1624
1247
1230
2183
697
1135
1191
2096
720
577
3322
1988
1971
1280
488
1137
4227
692
1219
2050
925
2390
1768
1699
3313
566
1056
839
1961
854
855
1131
1655
2078
1045
2764
1029
642
1161
1268
1301
1117
2025
1359
2200
698
1126
2737
1109
2752
997
2268
772
1192
1810
2865
1452
1860
1403
2634
991
1614
1187
1034
2289
624
870
1586
1379
1064
1565
1727
1297
698
2141
1927
1182
1519
1564
1175
1597
1427
1277
1508
1543
1461
834
1976
1055
2006
843
1126
1671
1177
1467
1276
1500
548
2043
1438
2908
1856
1126
1287
2152
1701
1573
3460
1016
1977
1168
2131
1926
2255
570
1222
506
627
2303
2404
855
2699
1245
1357
1218
905
1168
1026
2259
1828
1870
996
2340
1124
1060
1440
587
1093
337
3003
621
1153
988
2982
1321
535
721
3249
1878
870
908
981
3016
892
1938
1204
698
1437
2173
1594
1721
815
1176
919
2305
1521
922
1303
825
1015
1083
1524
1509
2773
2939
2122
539
3253
3264
1384
1186
2219
476
663
1609
977
666
2968
1472
1572
1000
1534
859
1424
2461
1902
1492
777
346
1269
1238
569
1081
1409
877
2014
837
840
2547
1694
2122
1292
1444
1362
2598
752
865
4687
520
1230
1040
1498
2892
2026
894
985
627
1079
2101
1638
3539
1857
1460
692
931
1299
1282
1833
1195
976
1664
947
3580
903
1094
534
4177
1244
511
840
731
1549
1597
1933
617
591
2580
546
2212
2480
1001
1515
709
1698
1699
1283
1962
769
1663
2437
1433
846
974
1701
1094
1089
490
364
1288
1170
3177
1498
3885
392
1149
1920
3351
1325
2076
902
1383
1072
2677
1990
2091
1866
506
1830
1052
1578
1936
1130
1683
1212
1697
684
689
1177
3195
949
1472
1104
633
575
2153
900
1104
1480
923
581
912
1364
2303
1707
3428
2528
747
1259
2582
939
1978
806
1398
1500
900
1382
1199
1453
743
1908
1282
1283
1128
644
4666
2248
1770
1362
1041
2506
1917
1336
1605
1167
3818
793
892
2546
2709
1490
1112
857
1829
866
2079
748
876
872
2547
874
2282
2373
1514
718
3723
1613
1591
811
1099
837
2394
1428
1155
1645
1357
3288
1039
663
989
2895
2519
1613
1366
2023
816
1922
1506
3824
2124
495
1510
678
1888
1732
1775
1090
813
1261
1135
1071
1425
988
1921
919
822
2400
520
1566
1295
876
1360
1248
1811
2266
2828
945
446
1468
1447
631
3917
1259
1366
1941
1088
932
501
1113
2347
2361
1420
1354
2105
1474
2073
531
1092
1116
707
893
2041
1208
2190
1391
2337
980
2111
2286
518
1122
602
580
1252
2770
1413
413
1928
1688
996
1933
867
666
1766
1703
1596
1633
713
938
571
1490
1362
2499
1743
824
1027
898
822
943
2264
1172
1822
568
1532
1026
1666
1163
3150
1166
1814
3401
657
887
2149
1334
774
1014
995
1268
3179
1174
1450
1726
1509
1928
992
3420
2486
832
1676
1233
1751
1777
1333
516
806
748
1371
1457
1061
600
1238
2209
1260
1713
1186
1477
1347
650
1912
1149
1641
2193
713
1343
1775
2004
3629
660
672
1222
976
2776
3507
1860
707
1382
704
634
1174
1361
2294
3215
645
687
779
600
1534
1655
1370
1354
1121
1455
1119
3973
861
744
973
1149
992
1985
1419
2046
3633
