1778
1676
1523
1049
2256
864
1364
824
2066
5426
927
1144
1549
887
990
1324
646
759
722
2508
1243
3033
653
3797
3709
1239
2740
1385
1881
548
1294
2177
2197
1485
1622
1384
2259
4898
2872
2083
809
1228
941
1384
879
957
2041
1819
1916
691
955
1243
1212
3568
2122
2226
3981
1404
1662
2858
2585
2011
1060
5242
1250
890
1156
1045
1225
3789
671
2156
2080
2123
4291
1206
1460
899
1819
436
1156
1106
2017
2412
971
619
1304
865
1401
2057
1557
1854
935
1128
824
4110
676
1172
1844
1229
1689
662
918
1158
3693
1335
1003
4041
2160
979
2094
1224
645
1189
654
2506
1280
1561
926
1781
964
816
779
1716
2884
761
1329
1510
1423
3176
851
2495
1394
1783
1275
1404
938
1607
1763
1363
1592
5430
1806
1222
1696
1429
2052
1442
1770
1627
1333
1644
2641
2004
1802
2540
1271
798
598
1677
765
1092
1255
1305
760
3045
1184
1014
2955
991
2037
1263
553
1755
2293
1318
1066
1592
650
720
1820
1578
6956
1264
1055
2984
1965
1372
1634
1673
1244
743
2096
1820
3297
1841
1705
1522
734
1871
2608
860
1969
475
1246
1865
1248
2806
2194
1172
1236
902
660
911
3184
3872
1061
1962
2503
732
1081
1000
4245
2640
2164
1219
1554
788
2968
1857
2450
629
1308
720
1519
3128
2518
3066
3283
2517
1275
606
3622
2069
2111
1175
1555
2301
1918
2148
1383
1408
2173
3148
1530
2642
610
1859
1652
1267
2303
1846
2242
1208
1215
669
3652
1829
2800
1055
1096
2587
1148
1938
595
1035
1003
1196
1071
1493
1392
1548
1820
1611
2197
3010
2052
1636
1728
1372
1740
510
1666
4050
1106
811
763
2128
2092
1146
4061
998
1758
2043
3277
679
1412
640
1164
2033
1307
1053
542
634
1308
1249
3941
931
1211
1170
638
1672
1667
2164
1248
1490
1986
1095
682
910
1119
3014
1306
1149
1198
1821
1486
2014
2100
1833
940
984
1130
2375
1113
1944
833
1297
2997
1115
4070
1114
2239
1470
1068
1601
1116
1153
1639
1542
1188
806
1136
1332
828
930
846
1169
2024
1210
953
1422
1167
2145
539
2969
1124
2075
3013
1514
3506
1091
2167
681
2159
1319
1715
1077
1030
1271
3322
2629
1000
1107
1214
1028
4135
991
1031
1428
899
1061
961
788
971
1058
1004
1360
3217
1960
881
2523
1624
656
2310
1761
1166
1681
1735
956
732
1046
1524
900
934
1535
717
2964
1141
3060
1180
2834
952
1308
1429
3789
3290
1752
3679
2199
3820
1226
1216
1633
1809
1531
2667
1140
584
1519
1044
3187
939
1559
1469
900
1200
2662
938
1407
1736
1200
3086
1593
2234
854
1672
1402
1792
1441
498
1443
2560
2601
3156
1266
1064
1619
836
916
1141
4476
1490
830
832
1680
1051
1251
3843
1013
2364
1515
1132
2598
1475
798
1877
1084
379
775
1173
947
530
1527
972
2344
1674
3264
2029
720
2756
1455
1135
1134
740
1801
1344
3203
2532
1003
2378
742
960
1874
776
2627
1106
2002
864
1471
804
470
1854
1478
691
1801
1264
2521
1007
863
3247
2197
3253
901
596
2431
1206
1078
1118
986
2715
1763
2933
2664
732
1210
787
734
894
1103
991
1696
1356
2174
596
1258
2895
2592
1032
2259
890
1521
2928
1204
2044
2284
961
1273
1429
605
1012
695
3010
2245
1314
1147
3124
1089
462
1093
1192
732
1062
2957
1068
1010
1980
1109
906
477
730
1484
2126
1192
1030
1010
1763
1513
1597
1032
2687
1121
602
724
1742
1175
2171
948
2246
586
1366
1736
765
3924
775
2177
1009
2821
998
1488
898
3010
3460
599
1898
1114
378
1858
1067
1184
1053
906
1507
1603
1083
1181
857
1392
779
597
1120
1878
2130
1361
833
1910
2161
2249
1024
2810
471
1711
865
1170
2075
1769
1933
1532
2033
608
661
1604
2390
1715
1166
2520
2663
1802
1703
1017
1207
1988
4947
1278
934
933
926
2233
1670
1264
2102
1509
1162
2007
591
2444
746
2691
1593
858
1943
3470
1224
1046
564
1221
1031
2126
2059
2795
566
3641
900
1293
1525
1082
614
3635
2053
5299
1977
1996
724
1910
1121
1027
1456
964
3192
652
1239
1610
2112
2759
2096
986
878
2101
608
3764
1015
1371
1813
1239
474
1521
1453
1833
1103
1043
773
1721
1920
2191
1291
702
1242
1263
1761
1620
1351
2611
2030
1603
1747
1686
1710
1437
1756
2375
851
3257
1505
1613
1000
1304
2050
1203
2974
491
1697
918
544
804
2594
1136
1774
984
1540
728
614
836
1071
1596
2309
1109
729
3382
1229
1506
2078
2144
1671
1149
905
1667
1379
1913
1417
880
1525
752
1226
4940
1240
784
2710
1439
1068
1883
1040
1024
2633
2185
2196
2940
1556
1612
825
2326
1240
964
1612
2255
2074
2205
1317
1338
1135
2665
932
1085
1395
1609
1211
1266
1915
1723
2371
2263
848
1450
1518
743
2034
1278
1850
2349
1733
4417
936
1554
1932
2037
2453
2017
871
1497
1301
729
4607
2288
1262
1295
3112
1236
1260
1539
700
1270
427
994
2045
1258
1474
834
1810
1138
2252
867
1064
700
2913
1847
1206
1465
1542
1278
724
2468
1669
1979
849
1386
1285
1308
1039
1089
1321
629
1170
2301
2046
958
1780
2257
629
1344
738
2079
1672
1864
2782
872
3308
591
2212
999
3214
2023
1828
878
3638
2116
1205
1087
1053
1438
1238
3147
1133
1867
877
1289
2468
1765
1869
946
931
859
911
1718
667
828
1306
628
623
2687
1916
1835
2219
1624
1214
2235
2951
1024
1636
1517
917
2304
1772
790
925
1254
2056
1534
1108
1113
1358
917
756
1496
1667
2221
1257
1806
950
1518
1619
558
967
1786
1176
1201
1542
899
747
1293
1128
1763
