256
342
237
648
567
806
810
295
291
301
267
478
201
267
424
250
453
669
461
378
685
223
431
346
550
241
578
359
398
710
475
336
283
887
528
206
752
490
433
306
244
1056
619
962
343
691
657
309
547
319
317
559
884
411
308
1162
438
590
919
1252
714
460
709
626
307
870
553
802
636
444
986
389
1871
189
331
467
540
621
557
845
561
539
514
925
986
156
574
281
1525
546
1519
609
459
610
730
569
271
361
238
686
266
598
361
436
144
926
932
338
1327
291
621
400
509
675
428
785
156
420
460
705
470
1025
166
796
1058
755
462
568
859
387
339
1395
1574
467
217
1284
285
393
410
580
1007
642
620
398
683
927
223
765
701
1083
392
518
367
255
718
804
235
447
1181
1332
568
532
1014
603
549
466
356
300
509
1147
301
229
660
627
535
473
651
322
778
383
298
1027
330
349
333
443
471
975
485
502
559
582
441
716
309
511
266
565
528
428
254
444
470
442
319
139
743
975
1327
258
358
586
1210
604
560
566
506
973
289
391
1391
987
906
735
434
393
1311
694
242
501
376
484
675
595
632
533
661
366
566
360
198
253
335
176
605
447
591
343
331
322
528
1026
896
545
317
1028
421
273
810
747
599
766
484
613
546
269
376
769
364
502
520
698
517
278
367
495
332
340
1090
786
386
430
810
950
162
539
655
467
289
677
417
753
494
289
322
611
615
457
483
527
1937
453
876
388
345
461
346
270
968
497
528
259
509
498
325
872
452
495
445
878
433
455
448
461
785
787
866
474
496
361
208
506
325
1037
591
464
263
835
507
988
696
255
865
357
333
407
854
585
230
404
248
1261
778
276
434
701
744
629
596
307
393
886
507
641
852
388
371
318
884
938
411
458
418
658
640
898
325
358
1130
315
804
333
393
547
494
375
499
363
276
429
581
548
414
868
454
512
567
461
220
709
271
1065
867
614
468
987
536
356
1167
404
482
472
886
487
654
381
568
478
331
288
447
337
1217
961
449
481
230
356
390
470
438
354
513
434
1102
473
877
573
325
318
863
603
953
365
413
429
322
251
1231
240
320
672
953
535
699
484
453
530
164
269
330
494
152
1310
411
640
1074
375
372
479
226
321
305
851
566
482
270
1397
1705
502
352
846
516
414
912
247
392
347
436
989
813
855
1448
748
531
240
336
402
400
582
428
503
306
236
703
677
282
620
862
375
245
414
425
515
562
523
329
590
278
314
893
372
876
327
700
602
1251
589
501
1420
248
334
372
270
363
341
291
744
200
981
247
260
366
918
417
617
581
208
1037
611
888
218
274
486
270
682
698
467
556
892
909
545
1290
538
597
450
304
327
789
980
807
259
642
383
377
743
800
512
644
446
357
278
276
456
297
418
885
928
782
297
284
330
1156
412
469
1456
300
775
431
588
861
309
719
216
1263
515
183
530
930
392
798
782
660
385
928
515
492
186
537
618
641
403
217
649
364
467
1015
1131
686
1096
331
314
663
519
353
203
507
319
833
495
745
820
315
605
327
464
532
407
608
864
406
791
324
463
377
1046
303
432
807
435
607
1256
658
238
525
409
360
675
492
391
579
415
576
433
251
380
313
512
451
576
344
762
193
447
329
462
518
234
354
1036
225
380
529
575
604
327
813
990
632
923
401
402
275
516
515
166
310
169
392
354
340
215
250
357
441
1010
205
785
681
497
693
651
579
521
275
409
312
612
321
891
848
679
507
395
626
439
1027
325
394
558
354
833
816
591
785
450
333
570
451
671
845
709
267
647
1036
658
112
903
371
2165
834
371
563
297
917
1490
314
635
1032
181
757
871
279
520
505
398
636
197
398
793
450
666
237
406
501
393
250
1287
675
1316
254
199
753
160
353
690
288
430
738
748
748
687
290
907
395
484
822
560
758
344
374
268
721
760
195
611
655
258
527
301
307
548
379
256
315
368
596
1012
306
525
409
597
309
864
716
337
737
568
294
694
397
575
736
631
528
264
166
1344
689
370
684
437
159
603
239
893
816
585
492
1606
276
330
496
857
491
992
557
346
451
681
562
314
400
292
470
266
422
560
234
531
468
215
453
965
593
291
460
577
371
1314
954
810
383
389
646
475
929
345
320
717
476
669
391
543
218
695
781
346
428
666
372
964
599
674
1007
1067
179
1573
325
430
579
463
707
383
1052
740
551
330
320
294
435
258
294
291
241
603
406
391
489
240
354
279
331
574
260
425
935
277
759
516
600
821
279
348
1514
445
361
382
344
532
759
678
1206
426
321
1221
511
1178
931
478
683
757
299
445
1242
386
265
389
436
894
1046
209
449
722
1249
312
585
571
206
641
1092
355
250
641
737
304
1146
603
347
208
