304
626
416
229
271
177
198
181
430
149
107
311
275
235
291
204
227
202
148
247
242
371
131
117
224
264
480
310
233
521
301
187
146
324
551
224
160
292
826
259
444
143
270
611
154
204
379
120
119
165
182
527
233
154
209
204
440
239
136
258
142
220
169
212
521
253
166
538
352
270
487
293
217
140
153
99
353
187
233
359
150
165
730
467
164
279
418
617
364
135
224
458
282
89
248
232
149
208
298
243
104
323
240
192
271
137
232
187
340
234
248
392
301
313
170
189
219
194
250
153
217
233
212
264
237
96
210
146
235
98
245
259
176
297
239
510
344
270
226
278
402
388
224
163
359
582
64
548
218
459
205
497
182
151
281
267
228
232
518
190
215
279
119
257
159
121
139
372
404
410
369
103
300
200
141
102
399
233
348
292
246
257
128
274
184
207
246
143
161
350
171
299
269
130
362
105
226
203
113
164
188
235
344
343
222
146
221
215
139
240
307
193
206
92
372
188
266
397
375
401
577
433
212
106
170
295
163
158
319
218
69
247
282
203
120
116
178
243
100
275
221
552
149
234
267
472
261
657
157
129
227
204
235
415
230
190
324
256
88
212
92
212
457
281
206
347
308
216
153
318
131
131
474
430
448
212
121
232
197
235
615
200
335
336
286
326
130
303
311
386
145
344
259
225
175
175
472
182
216
288
228
313
142
254
372
295
259
229
313
130
187
172
352
141
153
201
141
118
356
265
214
366
262
455
174
384
206
120
181
215
256
322
323
121
388
177
83
273
207
196
371
163
271
539
259
419
271
368
174
401
319
470
307
335
350
273
187
206
73
84
144
142
304
768
410
171
438
296
125
228
409
376
609
199
115
412
260
108
318
254
673
143
533
380
426
254
118
340
322
280
469
258
386
142
453
335
133
293
135
437
346
122
253
340
264
254
176
394
190
239
279
209
230
170
398
435
269
337
105
512
68
155
259
280
103
338
240
197
185
159
139
214
395
173
237
196
147
344
629
166
204
228
235
195
184
146
133
109
156
111
481
167
165
166
97
315
463
200
398
163
176
153
225
179
169
256
103
128
182
207
315
410
146
87
341
279
160
141
90
284
396
327
184
360
560
72
217
275
166
166
306
151
291
354
270
305
444
164
211
350
163
211
346
441
193
223
683
125
357
168
229
94
200
242
353
229
432
142
310
199
142
430
194
206
171
323
86
209
131
341
369
157
219
142
224
345
692
232
122
229
316
219
153
246
239
401
157
129
145
157
340
349
116
301
166
200
236
267
164
177
280
177
332
254
222
255
259
369
160
135
169
168
330
191
257
203
255
382
190
123
334
166
97
278
136
93
112
485
366
237
336
203
162
169
395
163
343
141
266
502
886
555
170
229
217
190
91
97
418
80
109
208
219
222
480
234
145
109
155
177
490
248
387
193
235
168
153
403
165
110
380
159
742
314
376
392
344
189
179
201
140
152
136
122
171
283
166
178
75
242
197
211
361
209
244
95
354
318
238
215
133
122
153
125
281
220
157
100
284
400
721
108
314
342
350
293
577
115
141
195
393
235
211
299
375
204
226
442
348
223
469
151
235
233
182
219
278
373
185
209
126
181
273
140
215
307
540
114
82
203
202
524
224
103
342
144
237
172
257
312
172
112
164
348
464
219
480
324
181
227
202
118
441
180
96
622
249
372
267
181
69
168
137
314
265
285
190
343
221
168
116
275
93
147
520
416
360
155
192
232
130
551
353
215
182
268
174
302
139
204
132
241
138
364
99
297
322
133
81
266
424
259
248
271
234
110
187
441
434
162
113
353
216
258
186
234
195
128
207
163
127
486
174
222
124
262
159
119
174
119
213
179
399
125
79
427
147
322
75
608
238
316
326
223
246
264
244
242
163
214
265
144
166
101
524
330
96
561
111
180
413
339
152
192
429
279
128
516
221
328
161
320
200
257
544
579
207
149
414
647
153
365
141
367
195
207
280
349
340
247
240
141
90
350
145
159
188
275
181
181
278
234
403
185
143
299
168
109
103
90
317
416
406
285
124
212
328
238
351
189
248
291
534
274
314
132
133
219
145
267
522
319
218
129
356
397
199
204
275
173
398
132
720
292
531
457
284
408
257
128
718
157
277
286
169
495
130
165
83
147
179
317
203
293
475
161
190
108
315
248
143
510
106
414
250
172
437
509
321
350
437
268
83
127
182
371
161
215
99
194
89
258
97
330
278
420
144
95
71
358
259
112
407
279
348
337
270
209
238
124
312
269
394
466
213
178
352
208
424
133
