1439
868
3613
1207
2073
1000
2021
825
411
1952
1925
906
820
891
1141
2572
1420
2002
1274
3097
3071
1501
1665
456
778
1691
1368
1046
894
1638
640
832
865
993
2877
1664
1346
648
1231
2464
1323
2445
1485
859
714
396
2541
423
645
1222
1261
2469
1276
2603
929
2538
1136
931
1065
1464
2047
449
1123
992
2349
3233
740
538
1204
931
560
3060
1374
1053
1083
2639
2726
855
1138
2309
1507
589
692
1599
673
1261
1906
971
1638
697
616
323
998
1365
897
3306
1139
1230
1888
1238
1517
2077
488
1085
1089
642
903
1181
1505
502
3083
966
811
1555
1091
1533
1289
1893
2276
891
4019
1281
1568
1718
1550
1232
924
1168
2382
1791
854
1016
1307
1687
2243
2532
1534
887
1424
1242
764
2140
1476
1977
763
500
1554
1143
695
490
764
1382
1544
1329
940
1329
1539
1700
4108
2951
1325
551
1055
554
697
2531
1236
994
1663
569
2660
2127
1539
2507
1484
1920
1642
484
2514
2116
1885
1458
981
719
569
1606
1697
1397
770
653
1625
1558
1665
851
2049
799
1736
1587
833
998
1625
1164
1104
2180
2035
1233
987
3707
897
990
814
756
1957
1756
941
3255
1295
744
1681
885
1001
2133
2014
662
1655
2072
965
1019
1131
617
1204
2503
1108
1190
954
1280
724
2003
4503
964
2979
1766
1763
956
569
1168
600
1409
825
2076
769
1666
1355
1848
4158
1206
762
672
1335
1505
2795
3396
876
1796
1159
1015
1270
3210
633
1685
1266
886
1331
1350
832
2442
1079
952
1180
776
1962
802
641
1069
2088
3323
1628
795
1244
2020
1476
1105
1595
887
961
894
1046
873
3746
2150
582
1448
1608
1056
1402
2289
1215
1211
1694
1626
1064
1843
1460
866
1305
2218
1804
891
1836
1189
3275
3793
2847
4056
1110
648
642
1666
799
1321
3591
2167
1042
2105
1455
1631
911
1269
2432
1544
1183
917
1690
1427
810
923
1922
1701
898
873
2716
899
1486
1812
854
2670
3778
1909
2395
1084
943
2319
1182
1011
787
742
1215
1677
1076
1588
1660
379
776
988
1812
1685
1033
1449
1875
2496
848
551
3045
2379
1889
755
1298
420
854
1412
2128
1050
2357
1046
1349
578
1894
684
1080
1095
1432
953
2548
804
1477
1042
709
2909
938
741
1599
1824
1747
970
1430
965
596
941
1595
984
1360
2013
1018
1871
727
636
2496
1099
1143
1580
2244
976
2698
1041
2077
1972
1430
1445
665
918
484
1884
1247
1118
1319
908
1143
1838
1506
1464
3933
662
2560
1021
1297
1206
1961
3058
2558
1656
1290
1599
1490
1287
1032
1180
2026
780
3019
833
3841
740
1533
1320
1859
964
725
1984
1976
1405
1115
3280
584
1466
674
999
447
2633
1566
605
986
768
1271
1403
1716
684
1920
1135
931
1427
785
841
954
1597
3542
1615
2957
1657
821
1093
4532
2666
3468
2223
1052
446
1929
2352
1061
1192
893
945
987
1083
538
2930
2440
1277
2660
1120
737
1765
527
691
537
1050
991
1162
2219
1044
1058
1863
1437
1166
722
948
679
1297
705
2016
1341
1438
1994
1066
1223
1003
738
1122
1528
2568
4535
1434
2412
800
3755
2296
550
876
1225
1146
782
836
1457
424
725
2493
753
1437
1135
1647
985
1724
718
1326
1170
1677
813
1923
476
2022
975
1986
963
1773
549
1407
1367
1289
1458
1638
1186
669
486
2972
788
738
1448
920
1983
2780
863
2398
951
1322
1091
927
565
869
1200
2853
1474
1312
2203
1609
2254
1103
1212
2729
924
1100
893
2863
1855
1598
2094
1213
1775
2304
3978
1288
778
720
1937
1992
1380
617
1037
1571
2410
643
1099
1437
2196
725
2120
912
1008
1177
866
985
998
1721
787
746
465
1569
989
2465
1380
1386
859
1058
1717
1234
3502
2177
1832
1036
1656
559
2411
1547
2926
1850
725
2293
1000
2983
753
1539
1216
847
872
894
2407
900
1032
839
2347
424
2838
2896
735
1187
2615
1667
1158
2437
1336
518
1066
829
1115
2158
1051
2159
1551
1785
785
872
685
1627
1494
1632
1036
1010
1129
2177
1270
2623
643
296
789
895
1307
1762
697
578
918
2029
1363
1820
1527
1885
1571
847
1566
1122
1193
3329
1963
686
1157
1399
835
2280
2063
1117
1583
4070
1397
2764
824
763
1631
972
543
874
1640
978
1164
2668
1111
848
2796
961
1160
1799
1777
2382
963
2059
1904
960
4198
750
669
959
2193
1064
1905
1383
1248
643
1616
1752
990
1127
2390
1346
700
960
2402
1381
667
2803
983
440
730
696
1035
1411
1776
598
793
1256
739
1825
2899
1552
1552
1391
1369
3060
2372
1603
600
443
1120
827
1225
2542
761
1552
2273
1215
3750
1692
2445
1674
814
349
1168
699
1995
1021
2335
1118
2222
1681
1290
1279
2570
3088
1250
1002
770
4142
1961
560
2903
1136
713
1070
2149
979
817
744
927
626
953
1951
593
666
752
1203
769
1165
1360
1811
2304
2229
805
859
1859
1018
742
764
614
1143
640
1879
1134
1624
887
750
630
2034
2401
2269
1572
1731
2201
1021
1428
1927
692
878
1048
2138
1154
1162
3700
1152
3152
1680
1577
778
1307
534
861
907
2040
1703
1096
1013
1276
1555
1661
840
1379
2030
1236
1747
2268
1694
2041
1508
1447
1985
1412
2830
1600
619
1801
1562
1351
1778
862
1922
1197
931
1068
822
1913
2368
1373
2353
704
1344
1910
1141
3051
1773
3871
582
883
1283
749
795
5093
3121
1198
919
2197
2517
584
1271
1150
987
1342
2005
1072
422
1313
566
1429
683
946
4728
1303
2190
1004
478
1356
1074
2434
815
2173
3612
