1025
318
1103
1276
1853
838
1396
467
1001
1204
775
2314
913
1829
734
2202
686
852
512
428
707
2039
2095
3276
1421
1182
616
898
681
739
1592
363
1090
1623
661
836
1204
653
645
2292
1217
753
891
1120
954
997
449
1668
1320
897
971
1102
732
1041
918
683
588
942
1185
900
713
3611
1638
1482
627
510
936
3562
1360
2428
764
1442
2548
1049
1240
940
1006
605
1585
622
538
749
2322
757
984
2067
454
1371
940
948
2146
847
2074
742
632
2158
1429
942
524
718
1046
1347
996
1231
460
522
1663
1587
651
1528
739
3145
1572
1283
1095
1347
555
1503
3913
1641
821
1255
757
1997
881
1214
1034
1489
1668
1406
957
640
627
1101
1302
971
1495
1257
854
1511
1722
1034
2088
1364
794
674
1710
2608
316
2043
2891
1755
1688
916
894
1748
1104
612
1251
2697
1005
677
814
505
691
1021
671
555
1834
733
854
1032
477
1457
2425
1793
373
1024
640
1090
817
1375
1120
2033
1367
550
1635
619
1692
867
1484
1316
823
1123
1631
1148
1663
886
1397
983
1485
612
1181
444
960
3673
745
813
937
681
1029
1902
1559
939
1747
1304
947
2588
1388
1319
529
839
2637
5246
1690
1226
1202
2004
2112
661
885
951
1385
581
3181
1651
406
2298
1745
1799
1846
1558
1352
1605
1198
1079
621
939
863
488
735
905
533
566
1448
2252
1450
1058
1195
998
1180
1207
1170
3930
1047
1840
566
2140
1963
1655
852
1205
339
2848
1406
991
3732
885
524
937
398
1385
2269
879
1066
948
660
784
992
862
964
1101
579
982
1166
1040
1542
700
599
989
704
668
1025
610
1430
2135
509
395
1860
829
1274
3400
1507
586
1935
776
772
646
1800
1581
795
3481
1245
958
1316
948
1252
674
755
1201
1941
1063
993
1256
783
1100
1697
1212
1079
1430
433
704
1538
659
1464
1109
1974
506
938
779
1279
1813
611
329
1978
1142
1178
1023
1409
854
877
1193
920
944
692
1320
1418
1333
895
2636
586
667
735
1187
2332
773
2283
477
712
1589
1595
817
1239
1461
1341
555
2178
997
1146
931
1366
1441
3045
947
811
1662
1407
527
1325
2936
725
1670
601
1717
383
2156
1344
867
653
648
841
782
1555
1102
1498
2124
1027
1939
1819
449
757
1156
3114
442
2455
1275
461
965
1036
1122
1444
1461
522
1197
1077
540
798
3879
1047
691
672
1360
1430
2633
1045
2941
388
4094
1150
826
841
947
1397
1208
3166
1319
2092
959
700
2960
951
448
1401
845
1983
1330
507
2075
994
2906
1525
998
1691
678
1101
1402
1744
567
1486
2786
1985
3218
2237
350
2945
1115
1833
1109
1067
926
3717
1165
912
1619
621
2646
2367
1315
2074
695
1715
561
1342
791
1808
1314
496
1539
740
352
1472
898
2606
956
1274
325
2443
1325
658
1527
2722
1169
802
1029
1233
2296
820
606
1183
1858
2953
1183
1546
2859
799
1028
642
739
968
744
2456
634
956
946
903
1292
1650
1321
1336
937
1388
1111
2405
1080
1022
956
1345
999
898
1560
1299
704
396
889
1570
901
2057
532
1118
982
994
710
2843
681
1317
1241
748
1052
2360
2642
1241
726
614
569
860
1394
791
1065
575
1456
1256
1005
2356
1226
838
1344
829
1325
2846
565
829
1890
773
2963
837
1271
2733
512
1178
1314
1239
2168
892
842
2200
1076
627
714
874
1548
768
339
888
705
698
1432
1307
865
1285
977
1050
2398
1144
684
1556
962
962
957
1489
1260
1389
1107
2465
1070
1261
2001
775
939
1006
1152
1899
1796
1614
1234
596
685
1453
858
634
2107
548
1234
1267
1123
1724
1559
736
1504
1810
1086
906
726
719
845
974
778
1232
911
1022
1667
1426
353
1009
854
650
797
2078
3021
668
524
960
1389
1070
1030
1534
1253
918
1714
1226
1045
400
645
1379
2591
685
2579
1348
522
863
1694
1385
1309
1229
622
941
586
1847
666
2046
1720
906
1913
2025
525
751
1032
834
748
852
477
1170
1358
1184
1010
2058
884
1838
803
510
1085
1672
1191
1229
1191
1746
811
1114
2036
1536
641
1724
1703
2214
342
1146
4312
1146
2881
1196
781
887
1418
1146
775
2469
1052
1658
3870
724
1580
480
661
614
1685
1309
1577
825
628
1608
645
1534
1355
926
920
928
793
2246
1883
1472
1444
3122
744
1088
1249
478
933
1266
1140
1306
2655
1644
2027
1819
493
829
1064
521
975
791
1064
992
951
1016
2310
914
1013
901
841
2762
689
1053
1074
1578
890
1054
772
1327
3145
625
649
1520
2369
920
896
975
1761
986
504
826
2703
1396
1356
862
582
771
1433
756
1120
616
675
939
684
1116
695
1480
2602
450
1502
959
554
2164
1417
1050
1180
1614
397
964
737
1297
691
1923
1395
2188
938
789
2744
1138
2360
1284
1268
1233
887
894
1263
1956
1006
1184
573
1416
2248
902
748
533
1635
1009
2569
2535
855
846
985
1512
2132
815
1781
767
875
989
855
1555
687
575
756
1840
502
797
676
610
439
638
808
1030
1160
1085
2233
2203
2279
2553
508
1380
723
1517
744
2282
1366
521
1551
896
567
1543
1728
690
592
616
823
543
1612
713
988
1682
839
1353
4046
1544
1152
450
1253
1698
499
1812
655
933
1513
410
788
833
2663
2611
1553
1607
687
1774
400
4090
715
774
646
1634
671
2004
834
624
952
812
2103
1783
1538
591
644
1204
751
971
1133
1126
3096
454
858
1887
1314
533
1770
