1088
850
589
1427
698
850
1424
690
1291
1322
470
1117
1110
951
2261
1147
912
574
823
1153
1675
1822
696
456
1019
1157
630
549
846
419
1177
600
516
1267
846
630
1360
1399
1588
820
861
1734
673
615
521
592
1818
1126
663
549
1647
1382
667
1859
1605
1003
3348
1915
420
489
853
1184
1559
1006
993
1141
1526
2615
2120
2200
515
1323
1114
952
1296
3081
1034
1019
685
1971
1360
1084
810
3013
1591
714
1218
397
368
549
810
685
823
839
718
443
331
1088
795
726
248
1385
2060
433
1311
2609
1788
2093
859
1151
1194
872
1526
693
2370
590
1480
1386
634
754
610
2129
1417
392
1340
864
1816
692
1315
1354
1348
604
1159
631
1288
1605
791
2461
1120
888
2531
1081
725
1046
1780
606
724
571
2147
1966
963
2278
1227
627
1978
624
2056
2206
1056
647
830
1041
462
994
798
1377
445
1405
959
1792
849
1263
965
1130
882
1281
752
1257
900
587
1039
1454
1111
1155
953
1652
1644
489
1250
865
1635
3405
889
470
929
806
1231
1679
1457
3086
1656
832
2076
1365
1175
2183
632
923
1073
1087
1480
784
990
1258
1041
1315
1373
1062
894
1804
1094
561
890
861
2472
1230
757
2234
1168
622
898
1839
991
2231
977
964
1151
769
1388
1815
1149
2145
363
806
1208
1236
670
993
940
741
978
892
812
1637
743
966
2154
1543
1079
702
632
2750
1552
983
3341
2162
644
631
497
926
1118
1011
565
927
1160
992
1131
2795
2254
1229
1531
1152
1889
1455
3058
1209
1567
595
817
2059
1364
1419
955
1697
1273
1239
1033
1350
888
605
904
509
1089
1371
1097
1250
1254
931
1221
2267
1309
722
2090
975
1422
680
890
1231
1103
1216
1197
736
773
1215
1004
2370
1072
1445
2016
653
525
892
637
665
923
877
826
1507
912
791
564
837
1172
1090
430
1450
662
1268
2892
575
1821
1123
2277
914
1459
2408
2746
796
668
1347
1161
813
755
1141
1795
1469
383
1687
2683
1386
351
1409
1107
1420
2293
1420
665
1442
4015
1573
1361
563
1696
718
2207
1179
842
828
710
1215
1204
363
601
1119
891
1103
1287
1386
503
720
277
964
1601
757
1042
1122
1463
541
1056
623
900
1013
2288
1455
909
2666
2828
1141
374
828
960
876
564
4317
1636
1853
1265
2356
569
707
1724
725
561
723
913
605
1617
767
968
845
691
282
806
1619
795
454
706
866
416
1078
2389
707
1404
1152
1936
1894
502
426
1887
1515
1149
1309
1869
1001
1125
1655
1758
900
1113
1138
1191
504
2171
2494
898
881
834
673
792
1149
1126
1896
522
1298
3479
1165
533
1317
1307
2139
584
874
614
531
816
1996
894
374
1017
930
518
678
466
1371
394
1321
1080
510
1959
330
1277
720
322
2775
1228
1859
695
3170
458
1074
433
605
999
534
2336
2156
505
2151
1312
786
1763
877
2260
619
1316
1051
476
1067
969
2170
938
1366
674
908
973
1493
819
906
457
3208
1240
2158
1417
1266
772
638
952
1607
803
2068
2342
1267
605
1910
1195
622
1109
386
617
2828
2399
1064
1565
1564
531
1990
573
1265
3002
595
694
1420
857
627
1347
628
1092
1419
1088
1211
649
1511
3811
569
1309
1360
2154
2790
528
758
1510
683
1124
1572
743
366
852
1778
1619
1177
682
1720
1203
1409
1216
761
879
896
1215
972
1155
1246
483
626
2852
593
518
954
1263
543
1543
800
1102
892
1121
290
1060
830
388
1081
975
2554
950
1924
768
3480
1127
1486
1504
1324
742
1508
1034
2505
1410
518
1142
1097
664
2116
1100
2384
963
1251
414
965
673
526
1337
1150
1445
1926
838
746
1393
929
895
665
1371
1363
923
625
849
583
2948
977
919
1567
573
825
1225
1303
960
2424
507
747
2657
725
1011
463
1568
1441
1637
610
1889
1485
1327
458
1029
1960
971
1747
1638
670
1028
743
796
1168
2921
659
2014
1415
1101
578
1061
1306
2315
1139
1060
1158
576
401
907
1756
981
1078
775
1016
1102
660
2650
1574
1249
744
969
2353
1124
1380
863
663
1175
1176
1204
600
2027
1214
1272
1088
666
1626
1633
1944
654
1770
1388
997
2080
1526
1807
1258
1850
434
901
1261
925
865
1027
754
1060
761
1784
1448
2508
2341
1379
1722
1044
1818
1255
1136
377
769
1061
639
636
660
1609
1161
749
1644
340
841
3125
1028
2245
1733
786
1303
648
872
807
3151
1294
1648
705
815
1593
453
1111
1509
803
857
814
1201
1628
1294
1111
910
858
470
1008
1465
992
1644
785
2205
659
592
1578
830
2173
990
1327
1501
733
501
1502
581
2255
874
1360
1148
2675
1021
1235
1734
958
864
535
926
1892
1482
681
2003
601
978
573
494
3676
1264
487
1434
1959
473
642
2589
1452
554
1490
615
599
946
1244
821
1860
780
1192
1113
567
1033
718
755
1101
1515
503
590
510
548
1717
773
530
816
2719
534
1491
1070
759
1229
1099
1419
733
472
1321
827
1644
673
2339
642
3475
862
663
1423
919
1114
2191
390
1100
1675
1095
591
562
875
664
1520
1138
1126
1022
908
1869
592
951
1077
960
1535
696
760
1563
1006
656
1465
702
420
816
1014
509
1014
2394
585
483
2155
1411
873
403
1928
1276
1106
769
871
815
1120
2079
1597
552
828
601
1012
492
2648
516
1203
845
785
686
1036
1108
1118
1027
1503
1944
2692
661
875
1039
700
440
727
486
613
2305
2060
