943
844
1015
782
1193
1238
1686
1892
959
904
632
1339
1407
1935
792
465
710
961
2238
1476
930
1529
2553
1103
1771
1212
1034
1326
851
595
1116
1215
1315
1929
1575
1365
1088
1269
1510
1068
1029
782
1305
1728
2148
1175
1144
1023
1085
524
1551
846
717
1435
2449
1225
771
1550
1062
942
612
3157
1223
1350
1207
813
465
829
618
1348
1064
1208
580
1108
1143
809
602
1033
1979
2038
742
579
1727
2533
2189
1285
1650
660
1099
1845
591
1444
733
1528
1035
801
2211
1279
1160
825
1526
862
2296
2970
1292
1069
1287
1673
1317
808
347
713
2256
2128
633
932
852
514
1564
1032
1278
1419
1944
1521
1499
1705
967
732
832
1210
2000
896
1309
2465
1324
818
1869
1957
1813
1331
743
534
2184
2269
2150
827
1078
897
1679
993
860
743
1278
796
661
901
3291
1727
511
1776
3445
785
1101
843
413
1662
479
547
698
1200
1581
1787
833
1115
1701
2081
3660
1378
1319
1463
1576
690
1222
912
1229
963
1484
2891
1089
806
381
1187
2406
721
371
864
1578
4050
986
1074
2177
1156
771
1432
608
379
526
982
1226
1166
2471
1276
1193
1288
649
662
1551
935
1307
588
877
2206
1672
1206
2357
1009
855
1385
1726
1338
2628
1134
937
2243
1116
875
1007
1305
1118
794
1754
530
1152
871
2286
708
800
1527
1892
934
620
969
1026
616
852
965
571
982
548
1283
1662
1337
2872
2598
3866
1010
1032
1879
1251
402
2119
2432
2346
1756
1108
1088
3051
1473
1670
1480
1430
1708
871
907
1252
1527
448
573
4776
778
1015
761
2009
2052
2458
1036
1117
1447
881
682
1295
1639
512
1097
1298
2162
1179
1019
1830
585
907
1397
925
680
751
2025
712
800
662
1928
2160
614
1467
1805
1921
1274
1697
740
1074
1767
3634
1307
477
787
2132
955
1768
3049
1052
1353
1607
1581
2786
706
1702
621
1924
1977
2632
543
2002
2534
1496
939
1509
1909
908
823
2050
899
1794
1332
1088
2128
897
1866
1283
935
699
1208
1388
1222
2393
1063
1452
478
1829
904
752
1004
1494
2348
1003
690
1870
2335
1135
1080
584
432
2428
1032
2218
5237
1986
1651
2026
1300
430
875
815
1131
723
1544
1112
1487
2086
1736
747
1872
1590
2451
1273
1337
434
383
498
1444
578
494
774
1550
1807
1613
2256
2020
2046
1967
1296
1126
1191
2616
1409
855
843
819
434
1238
1445
1250
1392
1128
970
3272
1467
892
2646
1746
1071
1273
1454
1261
2742
1360
1015
2451
5245
2469
906
1217
664
882
2251
1212
1837
963
1032
1710
987
774
1031
1472
1495
1131
1493
1367
2050
884
589
1374
1400
961
1292
1339
1334
1213
500
722
2062
1578
464
1406
1181
585
1175
1367
1927
1420
659
2612
1347
1429
1024
2501
501
608
2332
1344
666
413
556
2911
707
1254
2032
2954
867
779
853
1008
1675
4097
746
353
2103
1230
690
1158
1593
560
616
1471
682
1288
675
1089
1416
1655
2616
4712
423
2650
2438
2848
1263
891
1985
1133
944
1198
1738
1814
3121
1508
918
1377
1016
437
593
3606
1221
2465
1208
1310
1193
675
920
597
834
3419
1337
1302
1167
1821
1282
1154
669
595
4445
990
2106
1665
867
958
884
620
1399
1287
667
1227
1519
1763
1040
1664
1025
2927
2496
852
925
874
1238
2359
1005
2050
724
754
574
3637
704
915
1817
1545
955
1992
1890
772
625
1016
3398
1190
1604
2433
441
1263
1410
1083
807
2914
904
1188
3457
672
675
731
631
2908
1917
768
552
763
449
649
1042
1494
366
605
1589
1192
1068
569
1560
2811
807
1192
537
557
953
1238
989
1162
1775
794
1209
1103
644
1986
618
1296
1253
600
1518
1333
2772
895
3846
1208
1077
942
3132
1781
508
1199
2045
2072
1465
659
1069
1054
1391
1298
420
2254
2591
1181
3499
1811
1098
2569
1606
1146
1328
682
1469
707
790
1596
911
1080
722
1365
1434
1874
1279
1321
652
1112
1325
746
776
915
1479
976
707
542
794
2169
1465
766
682
779
1525
591
1800
1297
517
540
1181
433
647
1549
1639
2603
1506
1485
871
612
1021
1993
1063
862
1944
776
843
1056
707
1095
2045
1680
927
1425
2067
1435
1231
1335
1480
894
2924
2498
522
1538
855
1575
1356
1870
1312
1167
1394
620
692
1430
1850
1020
759
1019
1153
1201
1120
1013
1578
1347
773
444
500
1089
1411
307
814
1162
643
1071
1316
1348
421
1082
1032
3692
1198
2293
1158
617
721
780
1855
1355
932
2049
748
614
2076
1408
1211
817
804
1893
1205
933
1323
1037
1344
1096
1274
930
3667
828
762
636
792
1430
491
1187
3737
357
2772
2161
1655
557
771
663
1263
589
2345
1986
2805
724
731
1887
1064
683
2197
1662
547
1495
632
796
1464
3045
1844
1012
955
1663
1142
4462
1591
1418
4266
1571
846
236
1186
1920
1435
858
2228
1121
841
1785
442
630
2112
710
728
2106
693
1842
1077
929
1685
2513
1161
595
2562
1808
2447
534
896
1904
911
1169
704
1866
690
1510
656
1049
876
1212
1176
1220
1663
2830
959
1936
668
726
4047
2225
2596
850
1914
2258
1127
906
527
1170
1536
502
3543
2087
773
1258
1404
796
1541
1617
682
5778
1524
1117
852
2526
782
1304
958
1099
777
527
923
840
498
728
917
1342
1941
1583
1638
851
1040
1166
2281
1873
2576
1118
2548
2033
1081
1066
924
926
654
969
1639
1283
980
468
1864
1330
988
795
2128
766
2990
1255
541
3112
908
1367
2456
2270
1158
532
