637
429
430
548
462
1820
1545
239
891
737
635
850
473
959
356
991
343
759
539
540
594
499
390
1053
1059
597
609
504
453
566
184
328
532
683
304
1149
370
489
545
654
652
478
712
485
832
832
446
823
500
752
1168
880
876
1232
705
434
1067
539
622
517
248
440
403
570
1115
817
1460
546
770
671
857
673
309
441
422
1356
397
280
970
697
454
593
315
592
651
406
716
281
1195
432
601
593
365
908
504
1047
552
277
386
597
456
1247
283
1258
632
886
220
861
1230
243
461
812
635
206
396
616
406
465
1278
434
738
648
1252
914
367
379
671
422
326
434
210
489
602
440
406
1962
519
310
526
352
455
418
1125
372
650
382
795
441
339
536
526
831
744
1341
735
1344
194
237
379
486
242
1094
236
448
1995
948
389
405
504
244
956
727
1025
351
265
2142
591
943
712
912
322
913
704
678
439
440
1416
332
1136
642
1373
1120
159
256
414
535
1075
358
728
1277
210
676
337
589
355
309
991
566
506
429
452
952
969
423
790
1085
602
1102
256
1127
1578
901
699
1484
534
1012
1587
992
419
322
571
440
733
500
984
583
371
453
807
512
1101
1064
352
625
883
873
694
468
794
582
617
1027
235
573
849
299
755
618
1457
415
1194
817
825
454
495
446
725
743
963
1046
315
865
627
492
1831
533
325
747
455
703
895
825
969
965
424
360
798
983
227
642
354
432
479
1332
556
1376
680
1204
999
332
385
300
531
668
869
1316
631
678
491
506
1277
202
620
1183
748
831
679
628
1024
865
1130
894
186
436
668
281
309
456
1430
1558
1270
549
516
602
506
402
354
378
185
653
1043
694
200
686
358
431
1364
359
182
599
1047
1147
581
1309
557
623
246
571
542
452
718
600
309
584
847
599
690
569
594
900
423
1293
654
503
592
400
401
1124
471
550
241
261
786
366
658
361
362
400
334
371
505
1221
840
478
436
541
1080
659
909
538
421
1398
422
264
754
831
302
803
195
379
233
1116
985
701
386
792
425
1067
388
904
359
153
917
840
1087
575
206
601
380
493
1288
251
580
383
316
259
597
776
635
418
933
702
1348
393
730
1131
996
502
502
472
382
455
674
714
741
385
1402
1132
907
782
918
818
756
498
701
537
635
953
1620
1123
456
1508
451
304
415
631
330
864
624
312
1415
816
1559
640
511
534
1484
547
573
1123
565
1158
332
250
957
620
400
1109
570
574
608
915
607
419
280
161
289
352
406
1025
269
485
464
1432
1373
336
1686
672
270
292
560
695
842
521
601
582
885
527
388
1886
1207
1430
312
920
283
484
1035
740
697
463
258
499
803
975
410
1153
572
520
220
450
608
576
954
546
518
568
717
554
611
240
320
666
383
393
771
1208
596
480
515
416
362
470
570
976
603
1226
1283
448
1307
1258
577
479
411
365
481
263
585
353
435
644
461
270
1018
473
588
1456
773
214
426
539
596
876
666
858
436
614
854
310
636
422
579
205
552
578
1272
729
426
528
623
421
1109
353
203
585
1079
564
483
1297
947
857
840
226
618
1165
683
591
728
488
323
355
403
507
345
976
1764
330
1297
794
454
819
247
247
474
564
667
856
332
443
538
779
266
445
557
888
515
331
308
398
281
539
356
919
311
687
519
1188
551
564
294
422
590
1027
428
599
612
957
483
1088
492
735
640
386
337
699
623
371
225
683
614
1853
600
397
1127
1216
440
478
524
543
1423
1472
772
257
861
643
275
564
423
1013
488
276
352
793
1074
1202
241
1580
159
798
675
1154
382
1231
427
350
257
413
442
358
401
1125
349
725
1766
779
494
590
444
803
646
526
550
707
227
383
559
421
728
856
813
204
420
475
868
570
935
869
530
859
1005
1027
1417
1148
589
547
488
570
214
656
606
477
860
388
468
712
365
311
482
692
358
859
997
434
388
357
676
360
311
325
1092
628
257
462
592
955
399
895
299
504
655
745
451
977
680
381
819
1439
1119
2382
783
1033
517
461
297
504
779
336
1139
706
994
805
1225
1024
1900
273
750
376
1293
818
388
553
450
702
769
510
367
754
617
607
269
289
497
767
257
471
521
403
633
624
637
582
366
607
917
325
281
945
344
864
910
166
464
496
1268
474
283
356
1148
1551
729
718
646
692
1203
1248
553
619
262
413
424
596
442
496
548
430
573
632
638
613
1145
760
535
276
354
350
713
632
1061
594
470
421
347
669
662
638
709
750
447
634
475
236
546
268
346
560
1583
1344
569
546
400
264
856
290
662
532
852
586
929
490
793
224
408
921
334
518
1234
785
307
1167
583
1336
603
1084
413
506
344
234
646
1605
488
636
569
362
633
686
1116
516
592
1904
558
335
672
286
1402
426
1364
188
993
803
1821
314
429
577
971
514
1565
301
735
745
435
444
652
500
364
777
580
576
252
336
556
326
