722
209
384
226
310
420
304
275
334
265
509
179
549
298
146
558
128
232
433
533
453
292
182
289
461
314
384
388
165
252
411
722
312
436
433
314
186
249
322
267
225
157
138
515
399
426
254
632
323
197
189
457
154
547
396
232
679
201
479
220
416
345
626
406
205
164
170
504
216
501
276
181
471
621
329
183
400
387
572
80
511
531
259
415
398
198
712
391
423
288
320
754
270
298
735
153
604
209
327
350
564
381
237
275
167
683
485
87
767
409
133
235
310
364
386
200
247
339
223
301
254
243
307
564
372
243
478
157
242
673
434
596
580
212
206
995
224
382
423
435
459
545
349
373
361
208
232
623
363
164
171
360
104
130
717
390
480
191
258
251
609
522
283
279
414
169
542
275
344
452
446
300
378
257
251
150
302
255
463
291
274
212
291
334
432
185
226
242
173
419
463
316
298
521
200
472
431
192
1178
620
422
494
274
263
174
123
403
288
371
273
197
262
402
424
492
706
342
192
182
383
372
366
211
523
256
439
244
126
270
618
475
303
443
196
929
248
398
221
188
231
376
1210
255
492
409
138
197
316
346
150
313
186
361
293
564
318
331
662
412
102
392
123
459
160
159
302
392
385
232
352
313
602
336
278
370
459
190
213
300
590
119
125
200
636
204
521
146
501
187
226
332
612
328
205
495
835
209
251
242
272
348
254
196
134
293
138
115
657
527
561
542
693
414
282
445
132
290
232
554
497
266
335
377
256
293
178
309
262
366
809
297
354
402
289
423
326
602
310
511
383
189
536
251
349
460
119
277
339
208
224
365
353
167
154
615
186
243
342
302
335
603
317
390
499
241
294
254
200
480
150
443
559
234
846
287
176
438
267
289
242
182
682
259
289
133
352
437
439
688
210
710
364
236
295
449
411
137
271
218
294
116
342
303
193
207
220
235
137
404
192
217
324
257
742
131
536
300
211
953
356
257
217
264
423
310
226
761
434
153
504
201
828
582
658
184
238
510
223
247
173
561
233
324
347
623
737
134
226
281
126
509
167
411
357
237
129
200
485
514
384
161
234
156
443
841
556
252
228
180
521
364
113
490
366
672
194
205
937
322
567
310
217
177
365
493
623
653
240
352
209
679
1076
187
296
358
225
613
369
696
149
758
173
150
141
426
354
308
574
216
314
337
315
473
246
388
573
368
340
306
218
240
498
335
180
249
112
117
470
337
202
243
438
228
264
207
389
527
1097
278
324
376
283
346
346
187
351
307
277
147
491
675
420
292
204
885
266
546
336
288
95
363
543
454
376
392
293
156
430
275
222
287
336
551
240
282
289
299
540
344
774
640
310
389
348
366
228
254
330
155
404
615
268
212
345
290
547
389
940
318
453
143
168
658
312
847
258
168
287
553
167
237
552
192
555
474
190
360
184
224
240
580
168
196
379
384
436
126
202
126
211
216
125
843
871
110
344
688
394
321
660
260
603
114
295
420
225
126
348
310
285
189
307
445
179
461
427
339
442
702
120
617
360
658
273
253
249
125
235
165
178
281
389
192
486
198
185
154
551
502
131
221
252
179
254
201
187
283
234
367
199
118
224
242
178
708
198
155
326
712
402
105
428
190
188
449
171
164
377
295
672
324
152
179
654
455
183
153
705
424
209
726
160
667
474
349
413
528
376
445
325
546
292
167
365
417
571
684
354
265
160
410
376
995
622
362
423
441
267
338
148
386
200
188
245
438
390
151
476
486
270
675
743
296
244
232
389
216
230
455
474
296
492
259
637
604
257
361
189
314
381
289
675
155
335
328
435
455
490
329
495
206
410
195
449
548
206
133
611
243
387
458
710
314
292
161
268
175
562
224
110
443
346
162
595
367
189
645
304
585
276
277
433
706
285
436
220
461
717
474
622
153
332
541
632
256
432
344
510
328
280
398
210
460
431
232
212
256
507
218
301
788
237
140
247
387
291
124
133
144
731
197
485
249
552
287
264
191
678
114
272
331
292
785
312
241
311
508
419
537
894
148
464
510
377
606
605
155
458
386
277
238
609
337
434
256
307
533
503
143
254
243
243
211
262
306
148
462
391
265
175
209
571
313
613
353
436
182
276
226
474
599
250
120
402
316
229
365
192
195
444
383
192
414
502
529
237
933
265
385
294
258
401
293
342
443
385
205
476
358
371
869
404
324
222
188
270
271
237
644
188
815
385
434
499
296
172
156
162
150
919
272
416
438
372
427
160
421
164
230
203
181
104
414
254
307
212
261
306
541
140
542
177
250
218
894
352
299
213
1132
995
