816
1727
1140
1874
676
2005
1194
1768
1105
3292
891
2467
1312
1109
1204
1292
1299
660
1349
2583
1338
846
2247
684
810
4290
1778
765
977
2830
850
1577
2572
1868
2047
3930
2395
2088
1807
2056
2643
1334
3283
2802
1739
1530
802
2363
1081
1970
1929
2768
1316
1623
2710
2493
1324
988
1583
1301
896
1593
1155
1509
1113
786
1900
752
1081
1787
2210
1607
1044
2162
3170
2750
945
920
699
2014
2578
2686
1182
1596
1625
852
3705
2354
1913
1250
1368
1437
2538
3384
997
825
631
1005
1553
2512
1393
1758
1877
850
1157
960
3982
963
3475
3025
1391
1146
2529
5521
1236
3408
1842
1232
1070
1324
1719
1220
1115
735
2511
1700
982
535
1483
1110
1103
952
1730
866
944
1652
747
1992
854
4885
1045
1407
1422
1320
1190
558
2673
2781
1914
1058
1601
1761
1566
2252
1635
3781
900
1659
1089
2155
2469
713
2592
2247
3066
1760
1820
1530
855
676
937
1251
1053
2264
2621
495
1077
1485
959
2536
2057
824
1365
3129
2684
1517
738
2997
1753
784
1852
908
1550
1197
1328
2685
835
1007
2176
2621
2317
2764
1130
714
1055
914
3200
1962
1032
955
1306
909
1079
2309
2928
1416
3271
1445
4751
1154
654
2045
2657
1491
1631
1085
2651
3062
1941
1922
3101
1324
1680
2606
2167
1100
1162
2508
1494
1766
976
915
2639
2392
1240
1032
745
3097
911
2301
2764
1900
1578
5109
1152
2226
2783
1000
1800
1151
2080
1439
1451
2111
1702
1654
4046
2298
1409
1449
2548
1443
3468
1025
1805
645
2122
1804
1342
1127
700
880
1600
1261
3393
1315
1696
1833
1564
1824
1974
2493
1675
1367
1003
2828
704
1576
712
1690
1181
1179
2239
1410
1762
1516
3101
3460
1808
846
866
1012
1300
1104
3057
3081
640
3896
1019
1118
2059
1255
1341
1560
866
869
1199
3373
2707
728
4153
2551
1272
1649
2450
1086
1277
1432
2414
2562
2492
4213
3276
2310
939
1906
2436
907
1609
634
2497
1080
2886
1224
1315
1228
2876
760
1234
1370
1200
1473
1099
1367
1410
1098
1346
1953
1922
1549
1953
1340
1293
1422
2226
2640
890
1201
631
1683
2495
1047
566
2056
2335
1843
900
961
2477
1826
3016
1934
1438
2985
1100
1206
834
947
3212
1243
1061
3412
1188
1134
3060
1435
1381
1327
684
3390
800
1337
1794
1477
1139
3447
1983
992
899
2367
2729
2146
916
1278
4126
3015
1342
1732
1345
2154
1128
1386
2781
953
2257
1785
1648
1104
2222
4888
2331
2581
2612
1160
1969
2117
1492
2607
1609
2223
1196
861
3643
951
5108
639
1538
1210
1629
2197
1382
5651
1284
2887
1161
1211
2865
596
2333
1029
2308
3329
485
1532
1709
3280
1188
5108
608
1800
787
862
1265
984
1073
1333
2224
1378
3543
1444
1132
873
827
1719
2469
557
1501
1569
647
2763
2625
2915
3581
3820
1447
884
2824
1336
4675
1871
1364
2508
1029
1472
1617
727
1101
2155
3382
2564
876
2110
1314
3445
1987
2106
870
2464
2835
1762
1530
1046
2470
1164
1172
1428
1328
1218
813
2781
1281
1068
400
543
1506
3230
1446
1888
2279
3278
4091
1949
1121
1478
998
1865
1636
2200
1018
1978
2943
1249
1020
2386
1697
1936
1144
1285
1087
1775
753
1280
3180
5420
2229
1305
2378
2221
2577
3065
1813
954
2859
1726
1255
892
1678
1193
2344
1235
798
868
1617
1299
1777
888
2740
1454
1365
1628
992
981
2417
1897
2135
2852
2013
2426
940
2134
1521
1377
2153
1388
2555
2116
1219
988
2535
1879
1621
449
3178
1197
3650
2798
1023
1610
1105
1466
1913
1775
1679
1800
2251
1915
842
2383
1735
1440
4743
996
1093
908
1237
2638
3496
2835
1359
566
2758
816
4302
1727
1709
2113
3237
2355
1515
1275
1002
1412
1244
1417
973
1785
923
764
1915
2631
931
2732
1514
751
635
1541
4071
1732
1270
2737
2216
2973
882
530
1233
2957
604
3245
1035
1899
725
2192
1811
2664
1725
704
3347
4168
2654
3531
1677
1211
1264
1417
2252
855
1739
1406
906
1468
3240
1489
944
1068
2134
696
1277
2538
1700
1552
738
1090
1125
2207
1986
1091
2575
1020
1237
2838
954
528
704
1381
1803
1568
747
3007
1047
2932
2766
2403
1903
1609
1319
1551
632
1228
2511
1391
1354
1865
1838
3547
1482
799
1556
2652
1896
3278
1187
796
1373
746
2190
1188
4222
927
1651
834
1471
2827
1837
2051
5587
850
1249
2207
1228
1550
4131
3182
1535
1570
1481
1786
493
559
1120
2212
2349
3311
1841
999
1144
1357
1324
942
654
1318
2311
1270
1484
578
1273
1739
1672
1692
1319
3392
971
715
1185
1416
4959
1539
1084
3610
2634
1127
1931
962
717
1188
3430
850
1668
1258
1584
1134
928
2190
1981
971
853
1217
1789
519
759
1089
1008
889
4283
2451
1341
2870
1040
1819
1580
2635
2280
1877
2715
5012
1608
1332
1349
1948
483
1717
4558
1573
1925
453
1467
1219
2126
2179
680
1340
1976
940
1365
2172
1370
4946
1136
1084
2226
2498
1075
1806
1630
2164
1074
2398
1919
841
1358
967
1421
907
1077
1434
6118
989
1757
1297
1725
903
999
1034
1504
1559
729
2021
3991
1125
2295
2049
385
2211
2008
1120
1771
1190
2937
2286
646
3317
1179
1670
2199
2885
1375
2341
805
1113
1963
738
1593
1768
645
1252
2682
651
1893
3148
694
1319
2353
1795
1436
776
1281
1338
2112
1167
1294
2420
1174
494
1298
2738
3370
2514
1121
2283
915
940
2150
5399
793
1274
4969
703
1316
1438
1213
1056
2668
1506
5019
2599
1463
1478
1763
1299
894
2337
1561
2276
2143
942
1788
1043
3199
801
1985
741
1635
856
1120
2455
1913
796
787
1325
595
2352
