307
814
1081
519
1222
1252
1403
614
2526
2573
1548
1715
797
622
668
1041
2017
1390
997
365
1010
828
514
941
1086
945
543
1037
1373
560
528
1364
610
1215
834
679
1800
1220
1254
1170
1704
1869
1165
1044
739
1061
1627
541
688
582
472
612
1719
387
964
955
317
525
1262
1157
905
879
3477
422
1273
534
1316
257
646
709
1234
854
1542
1337
1792
839
1101
689
835
1101
882
638
1088
899
464
973
1003
766
795
839
912
461
1200
2038
812
913
616
783
475
975
668
1527
580
812
3425
2622
958
953
849
672
1904
742
663
1266
1008
835
999
983
687
918
460
911
865
832
978
939
1751
620
1702
459
648
3058
665
491
1018
840
2225
713
674
2048
729
1890
706
1246
1428
1173
1195
461
791
2690
1251
2481
671
382
1045
704
2451
853
683
355
1870
753
486
1792
785
1341
861
1211
1403
437
2904
491
1269
1106
545
839
935
1095
550
800
603
965
625
510
952
616
1435
877
550
1687
273
656
803
433
439
858
909
897
586
617
602
682
778
990
418
792
1303
991
1008
2253
563
1152
609
1119
2258
495
986
935
398
1115
1219
529
2094
1054
748
1222
886
486
1581
598
607
982
1164
1750
1903
611
594
615
1477
1830
824
1216
494
590
979
474
900
746
1203
438
1169
357
1123
471
1228
716
618
699
1145
830
511
834
812
486
559
766
374
1508
1104
628
1213
591
654
765
694
775
689
2521
739
648
755
1176
1046
744
519
556
813
467
1030
1503
2324
498
959
516
2189
1812
724
551
1297
484
444
1986
828
651
1027
637
583
501
2428
570
2904
919
1305
504
707
887
527
1205
884
344
715
543
1877
1345
868
1800
822
1611
1307
1486
644
929
942
1582
589
479
669
1756
788
563
436
1562
456
601
1583
909
1561
1094
535
579
1107
1681
659
1488
544
1920
897
2807
409
1750
1023
1290
1253
623
2074
782
716
1226
860
991
977
2038
707
2050
532
1588
567
958
1653
652
1692
1160
1701
999
1025
1320
776
1034
1592
1514
364
959
1783
868
745
528
682
607
774
610
971
884
1248
898
477
887
607
909
712
976
1204
891
1285
948
789
1315
945
1966
1221
1017
1163
3978
2942
1113
1173
1569
779
1159
3908
533
752
1405
1973
1257
2095
1288
758
1030
675
1597
488
1736
1442
617
1014
893
591
300
898
546
1428
577
1340
1078
637
1711
548
520
1018
1342
516
799
1038
1347
671
1670
483
583
1307
991
970
470
947
1074
1055
545
1062
988
1701
978
537
757
628
717
290
655
1351
1914
1061
1388
924
888
577
390
801
937
731
1087
855
1078
2244
2847
1296
788
662
860
1886
1025
1893
1051
781
541
629
952
1033
694
1926
704
529
1148
1601
1116
501
1188
857
1169
2361
1398
1521
734
887
982
581
559
810
853
1618
794
529
983
697
614
680
1360
910
685
444
1108
846
1154
1098
1025
753
393
1491
1283
467
717
1696
473
777
1316
1997
1828
469
471
2223
1493
1029
911
1336
1033
1668
1185
520
938
1097
1126
1144
1920
1571
580
906
1280
1112
2978
2501
1296
545
2155
1379
830
1405
403
1609
747
635
898
1209
1286
448
1080
1027
785
491
1467
1068
1931
640
1122
442
765
603
1089
1465
1678
1514
648
1409
910
435
2234
738
1975
910
1222
695
1846
1418
919
1082
1066
424
643
416
534
887
875
739
724
1174
1088
2876
789
506
1610
1290
483
900
1308
595
619
670
426
1048
398
1592
1869
1426
1283
1018
947
352
905
462
1248
1700
937
921
1270
563
2997
824
378
654
2515
1501
1003
708
1012
630
1669
2077
572
1056
360
1531
629
679
484
600
365
1430
851
1427
568
492
1456
1268
521
1680
1815
630
1171
978
838
650
1647
1174
1344
1190
3409
817
667
1729
873
1279
434
1094
672
1574
626
1705
1367
1046
1703
689
595
462
785
603
347
882
447
753
906
462
916
890
1015
1713
2241
620
1899
690
1105
491
829
1649
871
2105
1005
659
623
687
1467
769
799
869
526
1257
752
841
715
813
1064
2053
857
712
959
308
454
1317
1226
587
396
2860
1611
918
479
860
2046
2000
472
556
343
407
1550
901
683
790
553
562
808
1271
2117
976
566
609
972
1054
540
459
516
726
612
1158
1813
812
889
476
1130
730
688
543
1305
1271
1954
928
1741
1101
1061
1284
410
966
621
283
1661
628
678
2102
2620
556
957
992
1756
280
593
1141
697
714
733
529
1036
382
1277
548
1471
839
841
922
1357
805
1655
2093
961
935
565
1859
625
586
970
1909
571
1647
2349
556
952
918
1694
256
479
849
1529
368
1091
680
603
998
549
1377
897
712
685
331
1094
879
720
2988
913
844
788
2709
959
1622
730
1705
563
710
2149
944
1565
932
841
1212
1047
967
395
1163
1154
620
682
690
1190
1351
895
867
498
361
537
954
1034
1299
1014
444
451
670
884
1555
664
1083
608
781
611
757
1298
632
937
831
1157
1059
253
1065
583
421
2305
1027
788
1213
645
988
1813
651
967
541
1466
729
1875
1087
1527
1305
530
484
1744
746
1498
1602
514
631
526
825
2651
1029
1498
919
342
914
1459
1322
1502
973
1457
570
1474
3561
768
733
803
264
1818
1156
1048
780
1758
988
1518
722
772
715
1030
