1506
2015
1940
1321
1111
1801
3327
2651
1498
1004
2193
1150
3027
1038
1848
1558
1543
2143
1584
1098
1700
1909
1023
537
2178
3164
874
668
2396
1807
689
1298
3407
731
1088
1494
1991
1377
889
619
1809
781
2387
1130
945
723
1938
1475
1300
1171
633
3745
1145
1835
1618
1182
2967
1292
1924
1364
2146
617
1259
1093
2255
1634
1554
2278
1794
2287
1533
1979
1307
2041
901
1789
1652
1603
1496
4406
1336
1226
1226
3947
2396
523
852
3291
1272
2445
1999
2522
3805
862
1523
772
1276
1451
2982
1687
2659
2805
2722
3135
1346
2328
1225
1020
1929
485
1356
3026
953
672
1719
2601
2419
906
530
976
1014
1929
716
702
1956
1872
2637
1704
1356
1070
2507
890
1906
2492
1907
3350
1340
1435
1144
1029
1416
1214
1117
2790
2367
2381
4552
3997
839
2015
1486
1372
1873
1099
871
3477
4466
2037
939
636
2268
941
1089
1015
1734
1810
1142
1815
2240
1260
1139
2437
1547
2520
602
2203
2806
2975
553
1535
1723
602
1343
3537
1905
3942
1145
1066
1424
923
1859
1022
2261
1624
749
1823
2158
1608
1424
601
1864
739
1304
2065
1141
458
1290
2193
5756
1813
1138
1589
1375
1620
1481
4901
1212
1064
1939
1188
2670
1377
1992
1407
1847
1510
1130
941
866
1287
1677
1336
1385
1490
3366
1610
693
1262
1973
1461
976
1267
1610
1986
1411
633
2965
1000
2373
1409
1352
2933
1929
2209
1287
1650
1633
3158
1764
1811
3326
1641
1153
813
1390
1922
2851
911
1406
1942
1337
1319
1814
1199
1324
2708
1491
1023
2590
1011
869
1324
1110
2383
1489
748
990
1229
4727
3519
1797
2016
1511
1486
744
1768
2359
1525
1563
767
3127
1915
3313
2005
3386
763
1782
1496
1007
1028
839
643
771
3995
3082
1873
1294
3799
932
1107
782
1364
1561
1314
1385
4097
1652
605
1466
1241
913
2129
1584
987
1499
1315
2496
1802
1434
995
1358
1254
950
469
1349
1605
1986
1030
1027
879
3720
479
1465
1426
1437
2267
2455
2574
786
898
1079
1328
1466
1657
2828
1692
1320
710
672
1085
990
2222
2016
2840
1795
563
2453
1695
1348
976
1961
989
1665
1073
1151
854
905
3153
3238
1810
1703
1200
901
966
645
1977
1297
776
2973
1400
602
610
1264
1835
3541
913
1834
1158
1255
2945
1961
1304
4851
786
2467
1036
1721
3271
1579
4971
1003
1233
4806
1752
2074
1647
2408
1330
1313
3147
2578
1646
3227
1130
994
2134
1860
2766
795
1247
669
3236
1187
1639
2452
2079
1223
1659
1032
3404
804
1611
1558
1055
1110
806
1302
1526
5381
1278
4340
1375
999
914
1233
1289
1748
3945
704
1119
1336
2612
1310
1582
3012
1334
1229
1988
640
1300
1314
2220
2001
1632
3851
1319
1034
2895
1703
909
1133
682
1882
1762
2679
1009
770
2278
2186
1228
2510
965
922
1204
1585
678
1268
852
388
2423
1945
1171
1543
2790
1093
1689
555
1265
2222
1757
3405
1410
1875
1487
1354
2277
748
3036
2445
2267
2214
594
1089
915
1425
760
1122
2940
1270
1405
3612
727
2149
2702
2187
2082
964
738
2669
1034
1283
934
2261
1221
2510
911
3124
3713
1895
1454
2055
1507
2613
1884
1623
1205
2675
1826
2348
1522
872
976
3508
763
5071
1278
816
869
1009
681
1998
1101
1184
3978
2858
1744
1856
874
1549
1091
2001
1856
1587
2441
1724
1670
1209
1203
3459
625
2497
1185
2204
2832
813
2386
2429
2851
2686
1239
648
2053
1629
1055
1824
985
1439
3108
1561
561
1313
788
3066
3375
1130
3399
1836
3496
2617
1503
976
1099
1265
2275
1330
1089
1358
1004
1033
1858
1218
1730
1772
2289
553
765
1162
712
1913
1744
2370
1468
2852
4528
2154
1545
2952
1175
1155
3180
566
707
1658
1283
1993
2737
770
2300
2158
1985
2320
2838
1086
826
1321
1612
748
904
2176
1764
645
1019
1202
1071
793
1086
1835
1699
2010
957
827
1547
1121
3731
2447
704
1579
2184
1698
686
1840
1693
1328
2902
1642
2012
852
2246
2154
937
562
1198
1292
1029
2986
1210
985
659
1687
1090
543
1801
537
1578
890
1279
1136
1926
1191
1391
2351
724
559
1741
2625
1857
1223
1080
725
1158
1152
5942
1801
1753
2200
706
2752
3344
1808
3404
1543
2244
1310
876
935
1530
1715
1546
1489
2029
808
982
613
1124
2430
2524
2910
2741
2069
1425
2270
2353
1527
1546
2360
802
2695
1163
1722
5162
1442
1453
3383
3752
1058
3463
726
2215
839
1286
4784
713
1998
1273
3245
2539
4602
1822
1653
1119
1014
4218
4435
2904
1685
3960
1883
1822
1757
957
1278
4316
1598
2034
377
3559
3252
1127
996
1073
1142
2143
847
1250
1642
2787
709
1624
951
440
965
853
1928
977
1566
2050
861
3036
637
1874
832
1041
904
2587
1009
4622
2260
787
3930
2649
1778
921
2423
1904
1445
769
1909
1724
1685
1049
705
2286
2014
1048
1093
1794
1667
1540
723
2702
1647
1563
3118
2960
1865
1235
703
1648
1146
1988
2314
1781
893
1905
1641
693
1113
2179
1260
782
664
1171
1189
3265
1904
1418
1593
2443
1642
1177
1591
1218
1654
1605
1242
955
1449
705
625
1156
2258
1190
2798
1646
976
1171
1169
1707
2671
691
2952
1134
1409
900
1412
1070
2285
1134
1142
1662
4477
1102
3997
1321
619
1488
1336
1018
1084
668
1006
3513
2080
1118
1985
766
3720
2735
2067
2658
571
897
1238
1247
1152
1112
2752
2275
1396
1025
1172
1566
2436
938
1631
1552
961
2039
2969
1328
1154
1105
1221
911
1608
4676
1879
801
2266
2127
1784
1448
1999
3264
1839
1925
717
826
821
1247
1241
659
2129
2040
1315
1104
1917
2187
1181
1307
