445
346
458
503
924
441
752
156
534
272
787
599
797
542
592
836
213
204
393
1011
475
772
465
359
188
129
952
289
232
229
364
496
442
821
275
873
350
436
720
971
355
243
363
501
284
876
377
601
313
309
336
195
173
608
530
682
184
447
686
221
739
233
516
289
296
195
235
448
256
488
392
351
517
336
156
346
292
172
273
363
501
660
280
437
339
535
416
908
700
340
678
493
168
497
276
514
395
707
442
643
377
862
215
1063
639
463
682
414
508
508
161
326
371
315
758
210
972
880
1139
944
842
375
481
180
511
591
364
418
426
1074
231
247
666
415
246
246
443
287
266
173
563
270
341
611
477
806
347
440
154
320
417
1098
273
312
496
401
535
303
471
208
586
241
394
383
348
550
848
195
309
358
569
300
348
422
409
1556
440
300
165
298
1031
271
878
193
419
837
534
717
402
511
374
577
541
387
145
625
400
597
416
1107
469
392
683
260
411
587
231
632
339
864
900
374
1572
346
592
1235
356
357
587
571
514
530
348
458
306
288
620
230
451
525
326
484
484
418
286
527
556
917
458
551
452
528
399
412
380
204
605
473
384
428
257
468
944
460
576
277
442
503
1043
820
320
376
299
316
587
224
408
594
224
517
226
308
445
302
583
195
286
358
810
390
421
398
287
279
115
424
570
412
509
242
326
696
195
549
149
323
312
358
350
335
363
714
431
783
352
608
603
305
653
608
257
233
601
269
557
271
342
421
362
267
451
662
645
646
583
344
312
178
333
152
649
382
416
1041
197
320
525
322
851
585
444
352
217
224
967
329
866
770
730
204
488
753
327
213
916
321
398
636
332
461
580
542
1043
908
628
447
461
188
897
555
437
652
778
809
213
1183
251
268
328
308
214
456
488
240
298
465
305
852
954
319
765
388
341
483
372
366
716
241
200
362
508
403
295
332
264
394
257
274
608
914
812
502
883
741
226
665
394
352
450
779
273
293
415
361
182
1242
225
324
416
679
384
211
433
536
1003
474
453
223
463
312
491
285
257
300
698
988
549
267
270
285
615
416
635
270
237
477
254
1235
369
417
545
181
476
287
574
275
395
309
258
395
587
481
1268
567
462
180
239
273
337
380
298
658
450
343
451
231
310
499
313
596
607
640
670
244
257
611
414
630
177
317
796
561
673
400
616
459
512
505
515
1233
181
419
607
530
408
271
679
410
676
702
615
269
420
322
360
464
792
349
539
764
256
416
641
630
588
388
183
243
511
371
721
369
314
415
170
409
240
506
282
561
572
798
513
262
312
1307
384
666
555
887
850
1022
197
303
910
1197
638
1268
535
351
602
789
462
305
250
533
274
386
285
455
1041
422
291
252
146
249
213
802
506
347
668
355
950
663
289
394
333
657
624
385
264
198
113
297
172
511
346
410
352
219
848
639
213
420
194
429
348
553
448
176
372
332
646
223
263
774
434
524
316
308
1200
444
236
192
452
386
343
692
411
322
257
429
474
207
586
365
267
174
184
213
248
475
964
425
1009
245
468
195
470
286
217
116
325
564
772
276
202
1409
396
488
546
271
264
307
404
515
955
207
502
346
414
395
210
502
269
928
358
497
819
223
252
189
310
483
747
152
242
447
680
282
248
319
298
505
374
258
325
230
272
506
569
470
418
604
354
575
660
286
456
316
569
324
455
705
771
337
410
331
426
285
464
321
754
585
446
478
592
306
701
452
323
744
225
350
248
687
227
383
985
873
527
370
727
323
590
617
452
830
428
687
461
407
359
346
420
377
158
709
406
428
1176
297
205
463
293
368
579
504
694
139
332
597
540
322
416
251
947
229
308
560
639
278
254
403
532
288
157
557
502
292
410
501
633
211
821
352
611
504
283
358
267
1176
224
789
612
474
313
355
229
565
252
817
507
482
194
184
954
464
345
204
210
232
295
402
244
485
307
495
724
280
476
231
452
172
232
214
706
346
281
165
565
280
579
540
503
755
156
254
374
303
417
223
1276
406
767
445
581
195
509
427
309
360
351
767
460
174
606
522
302
172
312
119
301
250
519
434
455
743
542
717
242
283
264
306
533
663
125
405
217
1042
264
465
406
202
422
601
326
379
290
561
940
567
539
373
332
194
686
252
325
157
984
411
426
749
292
373
660
198
331
525
256
368
307
211
328
492
487
181
263
117
868
472
715
230
205
451
633
683
387
712
550
214
353
1131
374
423
297
519
411
461
272
522
224
896
735
294
401
470
322
553
938
386
377
122
402
302
282
304
903
310
479
314
266
216
379
589
117
559
303
524
1141
514
292
298
458
472
759
307
278
495
