425
1656
892
608
847
1378
656
1116
718
2858
371
679
522
748
834
576
1748
904
952
333
1056
1036
881
1943
685
1800
2203
618
745
846
268
866
669
1480
607
1221
1994
1442
424
546
594
538
1334
1011
1245
498
666
461
849
503
739
954
586
551
760
928
844
736
417
1438
398
682
1383
1544
580
975
840
1422
469
471
1355
1640
348
956
614
1019
1152
859
536
454
1291
726
1195
963
318
349
297
339
770
1126
916
2130
885
2179
417
1474
378
1929
1017
595
1250
1372
677
2014
1082
817
296
1104
691
1001
361
3078
1032
1442
631
503
669
689
762
579
1216
965
723
1071
1144
852
615
1414
384
920
739
1417
597
861
1325
690
849
611
1538
717
902
1156
1147
235
573
1870
1475
1156
1139
1318
811
639
1228
516
624
481
671
642
944
768
836
2066
537
1874
1673
1371
606
1252
816
2754
744
386
1383
753
1586
1719
769
941
1123
1384
693
879
732
941
803
561
960
1216
1265
1670
1356
1037
808
759
1195
486
590
579
587
515
454
761
1057
1423
1011
1005
530
747
1084
386
964
1014
1866
958
405
2100
659
769
478
433
610
1039
1588
1201
1124
771
850
582
1132
552
633
886
817
537
627
366
560
561
537
607
549
762
459
979
361
779
715
1783
610
1170
630
489
814
583
1079
1211
1427
550
762
698
876
538
430
769
1220
575
1378
666
548
517
2047
1768
1017
744
806
889
986
734
731
763
897
1837
663
1802
1851
1034
559
1798
468
704
1903
1038
843
703
709
1027
955
223
745
1442
784
421
914
855
648
601
499
498
1795
974
1061
1142
613
540
564
2620
670
546
865
593
1202
666
887
908
1468
1961
1126
1167
1171
696
1433
1138
461
849
1082
618
866
409
567
895
1979
674
978
1486
773
2324
840
1559
1382
1366
1452
417
678
769
702
655
805
474
1182
1240
855
1370
370
901
732
419
817
614
377
1910
915
467
673
394
841
647
620
859
1384
1203
339
1651
598
680
646
1372
1267
1655
1556
258
486
371
968
842
1400
579
648
1657
2620
450
1090
2386
353
451
697
725
532
775
300
712
769
840
574
1574
1012
722
941
1203
1051
479
614
992
1092
580
969
1915
597
947
1122
399
292
1148
685
804
1159
1034
443
2066
988
486
827
498
810
1289
620
918
1310
829
1055
1241
511
703
1039
517
839
946
516
471
634
1431
745
862
666
937
1055
1519
701
1818
566
562
498
540
500
1231
1173
1339
339
254
1231
1839
1134
264
699
956
1714
1290
1330
700
1744
883
540
1533
1629
760
877
623
527
1047
824
1383
534
1763
524
583
1002
2097
1160
2243
962
580
1300
493
907
1068
1113
705
1279
1077
549
663
1995
680
422
327
647
766
1653
637
667
1080
1113
623
890
1828
1585
740
874
725
2029
438
792
356
564
1042
1425
848
619
1108
2647
412
1459
916
679
592
578
826
815
1360
1867
3062
1056
657
604
1546
684
619
822
1369
658
1742
1160
1432
523
576
1438
902
1617
671
373
687
2340
782
506
837
481
571
1310
1471
852
1153
938
699
693
1452
581
763
569
725
1836
444
743
371
3415
1506
1337
1597
1060
790
1155
600
465
717
1052
525
1632
2039
1910
1130
728
591
1083
1239
411
531
434
519
506
1161
1041
1026
406
906
440
837
837
2372
486
555
344
1739
1002
2147
729
1920
1031
464
1032
2247
2014
1771
939
791
1258
348
779
1552
1437
646
1271
1085
802
2099
1200
629
1567
883
683
643
378
1013
837
846
492
1109
593
464
526
514
559
650
1112
798
1166
909
455
2059
666
515
690
1930
581
3009
880
1373
413
709
1377
906
399
626
512
1566
779
1189
1162
598
1405
788
743
975
665
951
1605
784
1924
586
632
692
805
1220
693
1173
772
515
853
334
720
1336
1033
1003
892
751
814
973
420
1128
1609
2530
920
225
411
529
970
678
785
1027
2140
394
1293
1175
302
577
2421
471
1657
1036
813
1033
1033
421
656
1424
1333
925
686
591
833
1595
1756
964
620
627
700
942
1017
720
2123
1917
638
905
986
702
1488
881
1241
573
782
615
911
840
863
459
2570
626
392
541
738
689
729
428
522
766
683
794
1504
1361
371
584
693
366
930
2153
793
1135
1333
1163
1508
457
481
614
490
464
372
809
621
309
619
514
1260
1533
1563
2379
604
822
405
614
853
458
670
907
1055
1188
563
583
625
983
1059
829
558
699
636
1001
1530
408
653
1468
582
1338
748
1376
2199
737
375
1065
1343
870
1148
855
508
1631
680
898
369
558
531
776
717
759
355
625
775
1053
1301
862
1578
822
1371
948
851
1785
466
1632
723
585
478
1011
1320
1004
305
219
723
386
480
1569
392
442
577
675
1048
556
383
1215
527
1685
826
700
1269
493
379
1207
881
841
622
1696
1226
1273
786
2346
613
1110
495
578
636
1117
1142
1220
558
1125
1081
787
1067
1436
1312
1033
393
949
557
799
1251
1144
467
746
872
490
782
672
716
1270
778
1211
503
520
1870
531
918
1489
1067
604
1693
753
1570
1045
1056
742
287
625
703
1089
640
741
1490
1151
1174
819
794
539
376
978
1016
709
1578
859
310
1808
1152
523
1299
684
1515
1146
