468
873
730
359
996
867
1194
531
2095
2450
1558
1944
388
901
3457
1077
451
1252
292
1549
1019
1087
593
2003
658
2333
1997
1178
1219
1548
1658
1037
786
1421
1215
1295
1307
1397
678
2391
1191
2830
2326
1284
2275
1900
960
915
831
1159
969
810
899
874
859
909
1601
1480
957
890
1202
1005
861
1885
900
1763
1168
355
749
1257
958
680
660
1440
686
559
2671
808
1439
1138
2234
634
591
1006
1250
547
831
860
887
455
1047
464
1462
803
574
1019
1177
1398
1404
615
934
783
1684
627
2362
790
2411
897
2072
929
1513
833
925
1161
1289
1367
485
1645
853
860
728
810
1500
1176
2181
1917
1020
673
532
886
1076
583
1547
1411
338
758
724
1193
1700
2181
1844
760
595
1008
751
1171
1713
1317
4105
534
1448
1180
339
1643
1523
1087
1302
1535
2778
867
716
760
950
2295
635
839
799
1542
529
1990
447
1314
1783
443
507
2681
1008
1260
432
734
1043
831
468
1149
1372
566
720
2186
681
651
1251
814
1168
575
847
1417
1606
1450
872
876
966
1158
911
974
1244
1599
1082
1093
477
959
1204
1660
957
1197
782
581
1626
233
546
2535
443
1160
1495
735
700
570
1301
1340
1395
2287
1242
596
861
784
2285
1572
716
1168
489
1435
1338
1699
1146
1005
498
875
1083
1859
952
502
910
807
802
996
815
812
701
468
1456
2357
1620
1029
885
466
1019
700
920
3276
2048
517
1571
1416
584
1354
1242
2116
463
2540
2008
702
549
2160
926
1661
1250
919
948
674
477
1704
708
1653
1398
1363
1728
628
913
2046
420
1751
814
767
291
1058
513
755
1116
1133
590
953
668
466
624
784
1535
814
1184
1597
648
1271
946
1012
796
1165
556
667
1298
719
529
1000
2430
383
886
1538
1018
898
510
899
1148
384
750
1227
1539
1217
751
1455
800
1434
1107
983
2383
2072
1500
2467
1880
1229
1439
603
684
589
950
1394
2897
962
990
485
930
1196
686
1397
567
1117
1213
513
1023
1086
947
420
1220
3290
1410
568
537
482
1302
947
479
1375
1266
2384
572
1158
1036
536
1151
1797
1400
945
995
1072
799
429
2398
656
421
440
1201
1221
837
817
2670
1122
667
535
912
834
445
463
457
1174
775
1535
2070
591
3249
897
595
2064
1535
1306
1531
1613
673
1196
404
498
711
2087
1108
1885
496
594
613
595
1002
670
607
476
535
1410
1927
1179
1648
882
483
464
2873
500
2007
1306
859
828
587
673
1613
1055
644
655
1397
877
1740
731
773
1287
1587
1339
1811
1720
1186
2736
988
1764
1056
2142
1272
786
1999
763
1658
1111
588
362
2617
664
1473
815
1807
1451
771
1671
1242
703
913
1078
803
1464
922
705
540
1259
898
1119
501
1697
472
943
1056
2242
751
656
750
1220
1095
1688
902
855
533
1240
1304
583
1302
804
1711
979
1042
502
2457
2172
921
1580
857
451
788
806
1083
652
788
992
654
935
1013
742
329
978
2626
1199
779
1004
1412
2520
1060
1480
686
1522
1402
246
549
1383
1095
1196
589
907
795
1484
457
1466
924
1443
992
549
488
1392
718
837
887
797
468
478
2360
526
391
2216
816
688
781
434
456
1128
1711
465
727
1207
698
756
1646
1339
823
1293
2212
939
2222
1205
444
2868
735
1592
2064
1734
1165
1520
872
476
1243
2211
777
1457
840
618
938
1174
433
764
1729
485
1142
1777
833
922
886
473
876
899
1007
1391
1095
1684
593
1459
435
225
1483
1938
1061
1099
1672
904
1995
2933
879
1289
523
1362
354
1174
545
933
765
282
438
982
1800
955
882
260
965
853
1225
1118
1118
830
1334
561
2468
1315
706
566
1117
570
722
918
1111
1542
1237
500
1241
328
702
1312
1345
581
1204
1738
2034
561
743
836
467
600
526
1198
950
864
760
2309
1001
655
789
1033
780
802
1265
1234
630
644
600
857
1128
895
1374
538
985
556
919
422
861
1893
1175
661
839
776
1111
918
781
461
574
1341
621
649
1197
892
830
1067
1302
1147
1180
697
621
1534
933
754
690
859
1672
1029
717
1253
760
990
1898
804
1233
809
1225
1277
1138
1299
1257
798
917
1677
690
1169
575
1437
2980
840
666
364
894
917
4188
959
1492
1451
1245
1187
1425
2575
1274
935
744
1092
645
1528
529
1085
968
970
1651
1394
1710
852
1314
960
620
759
863
1992
893
2607
1645
726
1491
1099
2023
721
1384
1057
903
959
861
912
769
566
1294
2326
1244
661
1353
771
791
3738
2970
583
505
786
343
958
337
2146
1064
1433
857
990
1650
2051
1865
1651
3444
1277
976
1317
1032
1290
889
2629
2815
857
2803
1227
970
974
640
983
740
2029
832
1171
1360
2367
2112
614
1455
646
1265
1136
1144
1590
1623
1453
787
604
955
804
2979
1969
717
909
943
831
515
628
1403
2716
2415
617
684
1209
1287
946
581
1288
658
848
443
875
1661
1358
1249
1338
1551
1127
1028
800
666
400
810
881
1008
510
1156
1031
551
2390
1246
883
677
656
1221
465
627
875
680
855
1041
952
611
1328
1178
863
498
708
1665
1599
1941
1147
683
704
1837
845
623
3738
1361
816
1969
1083
1366
827
638
500
722
1410
1388
960
434
723
1220
549
2648
735
693
1850
520
845
972
496
897
805
602
1393
942
3640
400
1279
489
902
309
1609
739
993
