1002
1851
3200
1697
1883
1246
1200
802
2077
3230
1261
1595
848
1133
1181
1092
1990
3830
1100
2220
1883
1494
1967
2458
2399
747
1288
3651
1519
1125
1423
1625
2101
2263
2413
1926
1870
2313
1408
1845
700
3349
1480
2657
2082
1799
1660
657
783
2252
2678
1630
1288
838
1835
1984
1030
1446
4545
2178
4395
1429
711
826
1839
3220
2984
1854
2270
2969
3272
1172
2881
2522
1552
1187
1299
2981
3422
2682
1849
1498
1559
1316
2356
1905
2013
925
3427
2324
4382
1208
1867
4766
957
1402
1072
1501
1659
3362
1453
729
1667
1734
2934
1050
1449
2287
420
1468
4311
1455
1799
4284
2361
1254
2028
1226
948
1988
2358
3258
961
514
4141
2838
2970
1692
1504
1460
3594
2191
5543
1169
3281
2051
2137
929
2240
1995
2085
2858
3066
1970
1163
1765
2339
2596
1820
3823
3858
1120
733
3533
2412
1801
2459
1011
4519
1025
2432
3418
2427
1760
1722
3849
2206
1836
5239
3249
1404
1667
846
1490
1340
1330
2971
1097
961
1571
5691
663
3420
2757
684
4705
4246
2190
2443
1693
2789
1813
881
3586
1302
1051
1901
1684
2884
658
1496
1117
1787
520
3013
1064
1242
1106
883
2774
1866
2293
1458
1105
1354
1718
2583
1653
1888
1593
1846
1304
2039
1614
2314
2125
1376
820
479
1851
3255
1312
1654
886
2775
3209
1656
2298
1634
4080
1557
1567
1883
3085
1654
3057
1802
3935
2074
2024
1473
1872
1698
521
1058
588
2640
3939
836
994
1205
1282
2747
2411
4135
3680
1873
690
3093
1340
1231
998
2573
478
2104
1066
3389
1594
1930
1074
2169
1374
2450
1639
1317
2683
1465
2526
2013
2436
733
1230
1977
561
1138
908
2650
2146
723
506
1649
928
3770
884
1846
2696
1024
1856
546
1901
1125
1065
1586
1617
1902
1168
1835
2367
2354
3549
992
2153
2319
1900
977
3436
1749
2098
1961
1163
2126
1554
887
1414
3085
2881
1875
2109
1393
1428
826
2849
2380
784
2256
1536
3267
1656
2246
4111
1808
2595
1757
1022
1550
1268
1129
1015
3756
854
2749
1972
1380
614
2491
2609
899
927
2039
2366
4547
5125
2618
5114
2199
2776
709
1941
3194
1764
695
517
1036
1713
4758
1873
4007
1837
1367
2699
2859
1387
1875
1008
879
3234
1600
699
1179
1325
501
1581
909
4575
2304
1123
3995
3751
3375
1120
2051
1573
2222
3381
2564
1955
927
2134
2330
1168
1946
1953
2906
1272
1151
645
2211
1931
2391
1127
1296
2523
1621
1791
969
1295
1079
1462
2535
1148
2584
1304
4395
1651
2016
2243
3501
3758
2480
814
1096
2976
943
1523
780
1606
1540
3370
1597
1018
3115
1396
3401
2051
1901
1070
2033
1442
1467
1025
5578
2298
1426
1788
620
2066
1127
1705
2386
1051
1424
2072
3321
1290
849
3460
1498
1205
5604
1772
991
2100
909
1526
2569
1805
1924
1507
1089
3833
1617
1157
2185
1150
916
1515
613
2106
1960
2819
2343
3092
1129
915
2423
1197
1180
1066
2225
2217
739
1375
1259
2209
2817
4151
1251
2093
1182
3422
2226
2945
2787
801
574
2781
2007
1188
3864
4253
743
2105
556
1852
2331
1423
2249
787
3580
3228
2499
4006
869
2007
1900
1360
1754
4098
2814
1622
2790
2913
2291
1247
3901
2271
1984
667
926
4548
1415
2598
1469
958
2842
2645
2598
636
1811
1799
2330
1969
1651
2429
1747
1786
2121
1982
4047
724
1087
1769
1825
1454
1862
1329
1603
928
1391
1264
2723
1871
1694
786
1289
1894
2005
1519
1049
903
1692
4066
1242
1856
3400
703
1605
1126
1082
995
4555
1399
2769
1517
1938
1114
2013
568
2577
1370
1679
1552
891
2659
1015
560
2735
1292
1291
905
6175
3103
2030
646
948
782
2177
1679
1736
1309
3147
5662
3095
912
2962
1717
1515
810
1211
899
2759
1356
964
621
2252
1451
2335
1134
1361
3918
667
691
1059
2948
3210
1275
1311
4868
1039
904
1175
1167
1521
987
786
3721
2225
1120
901
3544
1520
1617
798
1565
837
1624
1713
1301
1360
2581
2362
3180
2114
1506
2166
2928
1434
2611
2346
1223
1692
937
2982
2765
4221
3221
3478
1016
514
1155
2011
1022
673
1404
1398
2099
2509
1577
2727
617
2199
1544
2637
1725
2551
1518
1421
2693
1060
5155
760
1465
1038
3751
1018
2502
751
1637
1019
2017
1342
1226
681
2735
1838
1884
2260
1507
1403
1484
1036
1682
1109
1808
834
1996
2379
4244
798
2429
1188
1920
4014
1267
756
1485
2206
2352
1076
1106
1223
1230
874
3204
2206
1131
580
746
892
1516
1596
915
849
3787
1272
1512
4053
3257
4270
1139
2071
1996
988
1000
1668
2457
2633
2398
1959
2342
499
1385
1588
776
1532
1418
1410
1305
1369
2042
833
2113
2968
2704
1417
2620
1772
1216
1449
1773
2054
3691
2161
1414
629
5566
1174
1613
3820
1382
985
1414
1322
873
1595
868
2117
3785
450
1020
1959
2343
674
2276
2675
2753
1007
1496
1436
1975
1254
1786
1046
3353
1230
2591
1663
1811
2238
1438
2703
1856
817
1110
1634
1201
3518
2126
684
1106
1242
1238
2756
1000
3001
2271
1833
941
1549
1687
1221
2067
2909
2242
713
3033
2377
747
1400
2209
3345
1767
2201
2109
1833
1807
646
2321
2188
2610
1175
1554
2001
1761
825
4254
1073
3013
1585
893
1583
2228
1646
1413
1219
1438
2835
3819
1751
3471
1382
2215
4714
1264
858
934
1624
898
2938
581
1652
1208
2508
1063
1221
3144
3731
1405
1822
4771
1156
1544
1672
3973
1336
1314
3223
3715
2159
2266
1636
1319
2560
1329
1376
1964
3817
2438
2694
1999
757
3443
2319
3161
864
1673
1513
2639
1783
1469
4925
1609
2046
1218
943
1867
1363
1844
518
1208
553
1954
2599
2972
1923
2454
558
1640
834
608
