2076
1744
1318
640
730
503
514
849
996
1006
399
605
892
1330
791
368
349
274
1283
1719
884
486
1982
370
588
982
2015
1117
600
649
618
586
968
651
837
1529
1594
662
963
853
248
839
1204
372
454
681
591
856
1342
389
1828
1259
2062
712
347
1035
1430
504
936
837
703
364
1097
1041
2169
512
301
828
350
468
1034
404
1007
1187
692
731
605
1007
609
690
501
360
583
482
280
576
533
450
908
2186
402
679
1099
1380
638
617
1229
994
446
560
420
794
1158
848
647
1498
233
795
566
741
661
859
475
654
701
1053
352
641
994
1100
437
1626
1116
789
1379
514
515
350
2093
660
516
976
1395
359
996
835
772
1234
525
1305
328
539
552
1794
1367
721
1789
428
728
1694
673
1385
856
688
541
263
1259
967
583
611
1142
1184
627
448
922
2027
698
445
457
918
528
1211
2647
481
693
953
1168
603
880
652
703
1119
1161
2195
473
1587
1949
1357
739
797
567
1052
588
746
1934
694
610
1003
526
1723
1088
1075
1123
1020
460
709
585
263
904
411
845
1656
401
422
638
988
1131
956
1259
344
1001
710
1785
374
438
991
1871
863
1673
585
1552
316
395
436
960
2507
1219
574
260
733
534
798
1262
1112
781
599
478
506
523
961
1252
371
653
308
925
662
532
754
704
928
2033
1156
426
703
224
643
894
1360
501
719
930
360
818
3259
580
192
1781
804
364
270
1057
555
645
1055
663
864
378
891
544
660
569
967
577
785
528
649
1477
1096
1063
2060
1628
1019
529
596
1336
531
497
261
231
378
324
1110
342
675
1106
1020
513
608
1323
662
394
295
754
1171
639
348
715
997
1085
955
1118
1402
1587
905
1108
572
1060
806
625
583
1279
567
1221
1003
884
1210
520
348
1002
351
310
885
565
1046
2097
538
562
1052
1203
368
572
753
349
1121
607
1816
1008
1472
629
1061
489
1068
346
348
251
411
1326
540
611
657
1270
760
432
546
1202
643
799
671
729
387
1075
1066
1322
1371
1477
509
680
485
431
1200
608
540
977
952
912
1311
699
552
1648
1182
506
506
680
329
998
1293
195
852
605
495
840
952
761
1386
814
1181
420
692
481
1932
1015
1104
425
794
1286
640
1930
658
514
829
838
434
1475
787
616
762
1966
304
440
857
757
1067
390
656
484
933
624
613
921
405
1932
378
249
731
839
844
716
370
535
670
1126
502
771
792
798
1020
824
983
1025
725
294
1564
1789
572
1056
777
785
844
867
593
1184
480
627
527
654
821
260
1409
1671
471
235
874
851
2414
340
499
604
1154
874
586
469
1120
974
334
593
722
497
1153
814
1600
429
428
642
504
511
243
833
820
1655
1364
759
891
1216
2126
619
900
750
474
915
695
867
843
1882
488
537
1262
289
545
1151
397
583
1441
748
494
1356
617
309
269
500
1337
475
369
851
761
1047
741
660
1359
665
623
795
383
1702
369
2172
991
928
1653
1210
918
467
1167
428
360
1445
1056
569
1073
1158
618
1053
1182
200
967
770
673
476
608
868
1248
568
1249
1230
682
306
789
870
846
422
536
652
690
568
810
391
1129
956
419
662
1325
726
686
1147
1618
1011
530
1070
672
425
662
1260
490
882
259
666
990
1558
1491
497
539
1163
1639
2017
449
645
1503
1080
1351
529
530
410
513
843
911
1058
926
2244
1630
763
424
434
1150
357
933
704
1101
364
671
1127
1578
700
589
583
888
820
396
806
501
663
1559
433
568
779
1695
829
1060
254
373
550
1050
233
520
521
1683
391
420
712
628
1063
736
379
313
466
339
1133
1761
1437
1084
1632
688
762
476
391
934
749
650
514
936
753
293
940
936
539
1145
1359
430
745
891
1152
415
2193
284
963
843
1148
1467
630
870
838
451
600
1677
876
611
964
3379
297
787
657
828
1275
685
393
567
767
747
1342
596
679
644
1225
460
1383
1989
211
520
522
804
1680
1583
351
346
657
1273
665
1283
1198
312
703
1456
434
457
1885
392
388
603
412
589
1238
684
1270
820
928
842
659
1480
500
544
921
449
1074
573
827
822
396
657
836
453
673
1278
888
441
1144
594
586
479
542
876
322
717
411
255
1297
983
605
460
496
392
469
1008
749
1343
269
700
920
767
645
634
482
1698
1248
1190
721
491
1337
427
1162
1586
634
748
1235
641
1957
2226
645
520
628
963
1346
344
467
890
1398
971
1610
636
822
1076
490
602
892
752
1250
791
868
623
455
938
668
539
869
648
1204
684
651
409
720
204
523
781
1220
951
248
1217
1527
836
1071
263
398
692
578
1168
910
368
2091
669
788
922
733
167
838
1563
1386
678
1173
577
271
853
1667
478
331
615
427
539
864
456
914
618
737
1769
1653
620
413
988
606
2060
756
334
690
1698
851
1420
367
680
391
1314
594
399
608
596
1096
492
536
651
370
262
339
553
837
1289
847
2043
1242
342
1377
809
952
2645
694
444
979
1179
288
230
976
1036
623
1675
1169
558
659
488
535
760
496
1402
1183
566
1011
1144
508
1604
639
1116
845
859
1930
344
479
324
