176
111
92
328
113
127
205
319
58
208
125
86
105
115
91
88
193
54
105
76
74
201
151
100
161
81
82
208
191
177
233
169
273
89
184
56
148
174
124
222
122
156
122
168
100
50
165
222
223
72
86
63
200
110
211
97
109
75
127
153
129
82
85
248
95
254
75
202
76
88
220
124
109
233
245
273
283
182
100
207
176
123
57
193
311
72
209
89
179
113
98
48
92
107
54
269
132
146
154
86
79
62
235
157
87
129
212
197
294
137
132
250
280
59
196
162
110
206
143
149
148
197
114
224
157
149
129
165
283
130
125
223
68
162
121
127
112
64
118
57
74
95
283
210
143
191
126
185
306
72
132
119
147
251
73
106
96
249
160
56
91
266
100
258
124
300
119
128
89
125
80
221
138
115
186
81
66
81
359
152
141
138
104
64
80
177
87
261
118
55
91
78
78
96
53
105
304
156
78
185
544
94
119
169
282
126
127
106
67
181
367
105
60
168
71
177
183
250
117
233
86
147
59
125
55
65
244
74
149
72
185
135
69
134
158
209
110
128
274
339
96
152
385
58
297
67
71
143
88
364
77
73
91
151
135
216
212
75
102
68
123
201
175
219
86
90
89
60
82
56
93
153
223
129
80
104
95
58
78
171
286
257
72
73
41
107
68
96
93
168
210
143
93
94
72
111
110
154
37
178
205
137
138
97
140
219
144
168
138
207
68
147
178
264
348
173
262
109
120
212
82
121
51
167
73
59
64
86
92
205
87
80
119
247
84
130
87
78
144
117
87
61
83
124
102
142
123
223
259
119
65
135
113
168
198
147
150
189
76
175
106
72
187
195
307
92
115
110
162
54
315
102
98
125
315
129
108
55
98
93
110
154
67
102
200
151
153
121
167
131
104
112
65
80
102
131
55
164
83
130
148
83
74
52
70
96
128
137
155
173
117
111
110
175
145
120
192
90
109
52
83
187
240
92
208
72
84
291
117
102
89
88
123
253
127
81
110
97
127
79
44
172
198
134
132
207
63
50
122
91
195
70
148
83
60
90
205
118
89
191
137
152
58
209
113
158
194
177
65
133
96
259
289
146
121
111
74
139
83
196
203
111
50
35
193
141
151
88
112
154
242
56
79
98
127
166
205
87
139
62
180
175
261
309
190
92
99
94
160
135
157
65
130
118
103
173
122
202
63
206
83
83
175
124
135
216
247
380
169
127
343
176
138
111
79
93
87
173
131
123
110
301
169
163
102
127
203
178
148
165
85
86
144
201
188
123
100
209
103
108
120
81
75
96
186
139
48
79
59
178
212
106
168
310
132
177
93
141
132
130
134
81
78
209
164
118
102
99
96
93
283
277
128
152
340
62
201
80
66
98
76
175
199
209
61
360
136
132
83
122
116
136
72
268
88
207
144
265
140
118
106
87
112
119
85
142
101
93
147
91
92
158
69
168
152
115
136
162
60
229
89
72
105
233
114
121
91
172
110
171
160
138
309
128
112
162
133
262
99
65
160
145
137
287
163
192
230
54
101
112
80
191
87
239
66
65
44
74
73
99
160
175
73
126
61
274
146
100
99
225
231
49
93
129
70
66
133
80
123
131
207
161
156
66
199
72
158
130
124
280
61
77
158
52
121
87
98
253
170
68
165
109
141
122
116
119
100
129
153
266
237
70
197
111
99
63
283
96
143
156
64
157
118
163
125
119
126
156
83
114
130
76
167
140
74
78
134
206
233
183
181
100
139
127
89
145
180
165
187
105
140
202
193
256
132
228
215
102
100
117
113
226
203
214
124
327
81
71
116
150
140
99
142
85
99
165
166
132
69
269
83
140
105
184
339
195
299
206
168
70
81
144
72
156
50
62
180
94
134
68
119
106
61
188
187
208
209
118
160
69
82
57
156
60
158
103
82
70
168
105
153
181
199
113
160
233
209
213
132
31
221
106
96
114
121
95
73
91
137
78
151
340
179
87
66
142
94
222
423
69
318
273
129
53
98
136
146
63
141
155
114
129
87
130
117
113
113
108
61
53
228
123
149
102
44
153
173
122
172
53
107
95
123
203
91
70
99
78
144
54
96
123
81
179
154
107
371
156
276
124
215
153
173
198
102
136
176
115
165
138
67
92
108
87
60
422
92
89
96
85
145
29
87
141
293
160
137
165
153
169
94
239
169
132
58
60
110
159
205
98
173
119
182
348
155
131
87
265
105
134
161
185
101
126
86
100
90
124
290
151
283
185
60
85
99
243
119
129
124
123
81
105
124
92
76
142
96
37
123
180
